Selection	View	Channel	Delta Time (s)	Low Freq (Hz)	High Freq (Hz)	Max Power (dB)	Occupancy	classification	Begin Time (s)	End Time (s)	spect_key
1	Spectrogram 1	1	4.6080000000000005	40.0	75.0	83.4	0.9444	bdf	63497.854	63502.462	MARS-20150817T000000Z-2khz.1
2	Spectrogram 1	1	4.864	40.0	75.0	91.3	1.0		65424.766	65429.63	MARS-20150817T000000Z-2khz.2
3	Spectrogram 1	1	2.3040000000000003	40.0	75.0	77.4	0.7778	bdf	65443.454	65445.758	MARS-20150817T000000Z-2khz.3
4	Spectrogram 1	1	2.048	40.0	75.0	83.5	0.75	bdf	65474.942	65476.99	MARS-20150817T000000Z-2khz.4
5	Spectrogram 1	1	3.584	40.0	75.0	83.2	1.0	bdf	65670.013999	65673.598	MARS-20150817T000000Z-2khz.5
6	Spectrogram 1	1	4.096	40.0	75.0	83.0	0.875	bdf	65832.83	65836.926	MARS-20150817T000000Z-2khz.6
7	Spectrogram 1	1	2.3040000000000003	40.0	75.0	85.9	0.8889	bdf	65875.582	65877.886	MARS-20150817T000000Z-2khz.7
8	Spectrogram 1	1	2.048	40.0	75.0	84.7	1.0	bdf	65997.95	65999.998	MARS-20150817T000000Z-2khz.8
9	Spectrogram 1	1	5.888	40.0	75.0	88.0	1.0	bdf	66104.702	66110.59	MARS-20150817T000000Z-2khz.9
10	Spectrogram 1	1	2.048	40.0	75.0	87.6	1.0		66240.382	66242.43	MARS-20150817T000000Z-2khz.10
11	Spectrogram 1	1	6.144	40.0	75.0	87.8	0.9583	bdf	66555.262	66561.406	MARS-20150817T000000Z-2khz.11
12	Spectrogram 1	1	2.3040000000000003	40.0	75.0	78.4	0.8889	bdf	66658.43	66660.734	MARS-20150817T000000Z-2khz.12
13	Spectrogram 1	1	3.84	40.0	75.0	78.5	0.9333	bdf	66673.79	66677.63	MARS-20150817T000000Z-2khz.13
14	Spectrogram 1	1	7.167999999999998	40.0	75.0	88.7	1.0	bdf	66710.398	66717.566	MARS-20150817T000000Z-2khz.14
15	Spectrogram 1	1	2.56	40.0	75.0	83.2	1.0	bdt	67052.157999	67054.718	MARS-20150817T000000Z-2khz.15
16	Spectrogram 1	1	6.144	40.0	75.0	86.5	1.0	bdf	67070.59	67076.734	MARS-20150817T000000Z-2khz.16
17	Spectrogram 1	1	6.4	40.0	75.0	90.5	1.0	bdf	67192.702	67199.102	MARS-20150817T000000Z-2khz.17
18	Spectrogram 1	1	6.144	40.0	75.0	90.8	1.0	bdf	67313.534	67319.678	MARS-20150817T000000Z-2khz.18
19	Spectrogram 1	1	2.3040000000000003	40.0	75.0	80.0	0.8889	bdf	67486.334	67488.638	MARS-20150817T000000Z-2khz.19
20	Spectrogram 1	1	2.8160000000000003	40.0	75.0	75.4	0.8182	bdf	68122.75	68125.566	MARS-20150817T000000Z-2khz.20
21	Spectrogram 1	1	3.84	40.0	75.0	77.3	0.8	bdf	68164.477999	68168.318	MARS-20150817T000000Z-2khz.21
22	Spectrogram 1	1	2.8160000000000003	40.0	75.0	75.4	0.8182	bdf	68313.725999	68316.542	MARS-20150817T000000Z-2khz.22
23	Spectrogram 1	1	2.048	40.0	75.0	75.4	0.875	bdf	68458.365999	68460.414	MARS-20150817T000000Z-2khz.23
24	Spectrogram 1	1	2.3040000000000003	40.0	75.0	70.4	0.7778	bdf	69052.542	69054.846	MARS-20150817T000000Z-2khz.24
25	Spectrogram 1	1	2.56	40.0	75.0	76.3	1.0	bdf	69189.758	69192.318	MARS-20150817T000000Z-2khz.25
26	Spectrogram 1	1	5.376	40.0	75.0	78.1	1.0	bdf	69317.502	69322.878	MARS-20150817T000000Z-2khz.26
27	Spectrogram 1	1	4.6080000000000005	40.0	75.0	88.0	0.9444		69424.765999	69429.374	MARS-20150817T000000Z-2khz.27
28	Spectrogram 1	1	3.3280000000000003	40.0	75.0	77.3	0.8462		69444.734	69448.062	MARS-20150817T000000Z-2khz.28
29	Spectrogram 1	1	3.072	40.0	75.0	78.0	1.0		69448.83	69451.902	MARS-20150817T000000Z-2khz.29
30	Spectrogram 1	1	2.3040000000000003	40.0	75.0	75.1	0.8889	bdf	69694.078	69696.382	MARS-20150817T000000Z-2khz.30
31	Spectrogram 1	1	3.3280000000000003	40.0	75.0	76.5	0.9231	bdf	69775.998	69779.325999	MARS-20150817T000000Z-2khz.31
32	Spectrogram 1	1	2.048	40.0	75.0	76.6	0.75	bdf	69780.094	69782.142	MARS-20150817T000000Z-2khz.32
33	Spectrogram 1	1	2.3040000000000003	40.0	75.0	76.4	0.8889	bdf	69798.782	69801.085999	MARS-20150817T000000Z-2khz.33
34	Spectrogram 1	1	2.048	40.0	75.0	80.7	1.0	bdf	69942.398	69944.446	MARS-20150817T000000Z-2khz.34
35	Spectrogram 1	1	3.072	40.0	75.0	74.7	0.9167	bdf	69946.238	69949.31	MARS-20150817T000000Z-2khz.35
36	Spectrogram 1	1	3.84	40.0	75.0	77.4	1.0	bdf	69952.126	69955.965999	MARS-20150817T000000Z-2khz.36
37	Spectrogram 1	1	5.6320000000000014	40.0	75.0	87.8	1.0	bdf	70185.598	70191.23	MARS-20150817T000000Z-2khz.37
38	Spectrogram 1	1	6.144	40.0	75.0	77.8	0.9167	bdf	70347.39	70353.534	MARS-20150817T000000Z-2khz.38
39	Spectrogram 1	1	3.072	40.0	75.0	80.6	1.0	bdf	70420.35	70423.422	MARS-20150817T000000Z-2khz.39
40	Spectrogram 1	1	3.84	40.0	75.0	82.5	0.9333	bdf	70423.934	70427.774	MARS-20150817T000000Z-2khz.40
41	Spectrogram 1	1	4.864	40.0	75.0	85.8	0.9474	bdf	70434.685999	70439.55	MARS-20150817T000000Z-2khz.41
42	Spectrogram 1	1	4.352	40.0	75.0	84.2	1.0	bdf	70473.342	70477.694	MARS-20150817T000000Z-2khz.42
43	Spectrogram 1	1	5.376	40.0	75.0	76.9	0.9524	bdf	70581.374	70586.75	MARS-20150817T000000Z-2khz.43
44	Spectrogram 1	1	2.048	40.0	75.0	73.1	0.875	bdf	70659.71	70661.758	MARS-20150817T000000Z-2khz.44
45	Spectrogram 1	1	2.048	40.0	75.0	71.6	0.875	bdf	70705.278	70707.325999	MARS-20150817T000000Z-2khz.45
46	Spectrogram 1	1	3.584	40.0	75.0	72.7	0.8571	bdf	70761.342	70764.926	MARS-20150817T000000Z-2khz.46
47	Spectrogram 1	1	5.6320000000000014	40.0	75.0	78.0	0.9545	bdf	70800.254	70805.886	MARS-20150817T000000Z-2khz.47
48	Spectrogram 1	1	2.56	40.0	75.0	76.8	1.0	bdf	70919.55	70922.11	MARS-20150817T000000Z-2khz.48
49	Spectrogram 1	1	4.6080000000000005	40.0	75.0	73.8	0.9444	bdf	70923.134	70927.742	MARS-20150817T000000Z-2khz.49
50	Spectrogram 1	1	7.936	40.0	75.0	79.5	1.0		71044.99	71052.926	MARS-20150817T000000Z-2khz.50
51	Spectrogram 1	1	2.3040000000000003	40.0	75.0	72.8	1.0	bdf	71131.774	71134.078	MARS-20150817T000000Z-2khz.51
52	Spectrogram 1	1	6.4	40.0	75.0	78.6	0.96	bdf	71164.285999	71170.685999	MARS-20150817T000000Z-2khz.52
53	Spectrogram 1	1	2.3040000000000003	40.0	75.0	77.9	1.0	bdf	71282.814	71285.117999	MARS-20150817T000000Z-2khz.53
54	Spectrogram 1	1	5.6320000000000014	40.0	75.0	76.2	0.9545	bdf	71286.398	71292.03	MARS-20150817T000000Z-2khz.54
55	Spectrogram 1	1	2.3040000000000003	40.0	75.0	76.0	0.8889	bdf	71294.078	71296.382	MARS-20150817T000000Z-2khz.55
56	Spectrogram 1	1	3.072	40.0	75.0	77.3	1.0	bdf	71324.03	71327.102	MARS-20150817T000000Z-2khz.56
57	Spectrogram 1	1	2.3040000000000003	40.0	75.0	73.3	0.7778	bdf	71530.11	71532.414	MARS-20150817T000000Z-2khz.57
58	Spectrogram 1	1	2.048	40.0	75.0	74.0	0.875	bdf	71623.294	71625.342	MARS-20150817T000000Z-2khz.58
59	Spectrogram 1	1	2.8160000000000003	40.0	75.0	76.0	0.9091		71640.19	71643.005999	MARS-20150817T000000Z-2khz.59
60	Spectrogram 1	1	7.936	40.0	75.0	79.8	0.9355	bdf	71759.742	71767.678	MARS-20150817T000000Z-2khz.60
61	Spectrogram 1	1	5.376	40.0	75.0	78.6	0.8571	bdf	71973.758	71979.134	MARS-20150817T000000Z-2khz.61
62	Spectrogram 1	1	3.072	40.0	75.0	79.4	1.0	bdf	71980.414	71983.486	MARS-20150817T000000Z-2khz.62
63	Spectrogram 1	1	2.3040000000000003	40.0	75.0	75.4	0.7778	bdf	71999.358	72001.662	MARS-20150817T000000Z-2khz.63
64	Spectrogram 1	1	2.8160000000000003	40.0	75.0	77.9	1.0	bdf	72015.486	72018.302	MARS-20150817T000000Z-2khz.64
65	Spectrogram 1	1	2.8160000000000003	40.0	75.0	77.1	0.8182	bdf	72051.325999	72054.142	MARS-20150817T000000Z-2khz.65
66	Spectrogram 1	1	2.3040000000000003	40.0	75.0	76.3	1.0	bdf	72065.15	72067.454	MARS-20150817T000000Z-2khz.66
67	Spectrogram 1	1	2.56	40.0	75.0	78.9	0.9	bdf	72091.005999	72093.566	MARS-20150817T000000Z-2khz.67
68	Spectrogram 1	1	2.048	40.0	75.0	77.3	1.0	bdf	72340.35	72342.398	MARS-20150817T000000Z-2khz.68
69	Spectrogram 1	1	2.3040000000000003	40.0	75.0	79.6	1.0	bdf	72463.998	72466.302	MARS-20150817T000000Z-2khz.69
70	Spectrogram 1	1	3.072	40.0	75.0	74.6	0.8333	bdf	72501.63	72504.702	MARS-20150817T000000Z-2khz.70
71	Spectrogram 1	1	2.048	40.0	75.0	76.6	1.0		73096.318	73098.365999	MARS-20150817T000000Z-2khz.71
72	Spectrogram 1	1	3.072	40.0	75.0	75.9	0.8333	bdf	73503.87	73506.942	MARS-20150817T000000Z-2khz.72
73	Spectrogram 1	1	6.144	40.0	75.0	78.1	0.7917	bdf	74033.278	74039.422	MARS-20150817T000000Z-2khz.73
74	Spectrogram 1	1	2.048	40.0	75.0	78.5	0.875		74045.822	74047.87	MARS-20150817T000000Z-2khz.74
75	Spectrogram 1	1	5.12	40.0	75.0	75.1	0.85	bdf	74813.822	74818.942	MARS-20150817T000000Z-2khz.75
76	Spectrogram 1	1	2.3040000000000003	40.0	75.0	78.7	0.7778	bdf	74874.494	74876.797999	MARS-20150817T000000Z-2khz.76
77	Spectrogram 1	1	2.8160000000000003	40.0	75.0	79.1	1.0	bdf	75190.398	75193.214	MARS-20150817T000000Z-2khz.77
78	Spectrogram 1	1	5.12	40.0	75.0	78.0	0.9	bdf	75193.725999	75198.846	MARS-20150817T000000Z-2khz.78
79	Spectrogram 1	1	7.167999999999998	40.0	75.0	78.0	0.9286		75236.99	75244.157999	MARS-20150817T000000Z-2khz.79
80	Spectrogram 1	1	2.56	40.0	75.0	76.8	0.9		75245.182	75247.742	MARS-20150817T000000Z-2khz.80
81	Spectrogram 1	1	7.167999999999998	40.0	75.0	79.0	0.9643	bdf	75547.518	75554.685999	MARS-20150817T000000Z-2khz.81
82	Spectrogram 1	1	5.6320000000000014	40.0	75.0	78.1	1.0	bdf	75594.878	75600.51	MARS-20150817T000000Z-2khz.82
83	Spectrogram 1	1	2.048	40.0	75.0	74.3	1.0	bdf	75603.837999	75605.886	MARS-20150817T000000Z-2khz.83
84	Spectrogram 1	1	2.8160000000000003	40.0	75.0	72.4	1.0		75840.894	75843.71	MARS-20150817T000000Z-2khz.84
85	Spectrogram 1	1	2.56	40.0	75.0	73.3	0.9	bdf	75919.998	75922.558	MARS-20150817T000000Z-2khz.85
86	Spectrogram 1	1	7.68	40.0	75.0	75.3	0.9667	bdf	76051.837999	76059.518	MARS-20150817T000000Z-2khz.86
87	Spectrogram 1	1	2.56	40.0	75.0	75.3	0.8	bdf	76060.285999	76062.846	MARS-20150817T000000Z-2khz.87
88	Spectrogram 1	1	2.56	40.0	75.0	75.8	0.9		76222.846	76225.405999	MARS-20150817T000000Z-2khz.88
89	Spectrogram 1	1	3.072	40.0	75.0	75.3	0.8333	bdf	76511.87	76514.942	MARS-20150817T000000Z-2khz.89
90	Spectrogram 1	1	4.864	40.0	75.0	75.2	1.0	bdf	76517.758	76522.622	MARS-20150817T000000Z-2khz.90
91	Spectrogram 1	1	2.048	40.0	75.0	70.4	1.0		76779.645999	76781.694	MARS-20150817T000000Z-2khz.91
92	Spectrogram 1	1	3.072	40.0	75.0	75.6	1.0	bdf	76794.75	76797.822	MARS-20150817T000000Z-2khz.92
93	Spectrogram 1	1	4.096	40.0	75.0	77.5	1.0	bdf	77004.67	77008.765999	MARS-20150817T000000Z-2khz.93
94	Spectrogram 1	1	6.912000000000001	40.0	75.0	75.9	0.963	bdf	77020.285999	77027.198	MARS-20150817T000000Z-2khz.94
95	Spectrogram 1	1	7.936	40.0	75.0	78.9	1.0	bdf	77061.502	77069.437999	MARS-20150817T000000Z-2khz.95
96	Spectrogram 1	1	2.048	40.0	75.0	72.5	0.75	bdf	77161.598	77163.645999	MARS-20150817T000000Z-2khz.96
97	Spectrogram 1	1	2.3040000000000003	40.0	75.0	72.7	1.0		77259.645999	77261.95	MARS-20150817T000000Z-2khz.97
98	Spectrogram 1	1	3.072	40.0	75.0	82.4	1.0		77816.702	77819.774	MARS-20150817T000000Z-2khz.98
99	Spectrogram 1	1	2.048	40.0	75.0	82.4	1.0	bdt	78046.59	78048.638	MARS-20150817T000000Z-2khz.99
100	Spectrogram 1	1	2.3040000000000003	40.0	75.0	73.3	0.7778	bdf	78182.782	78185.085999	MARS-20150817T000000Z-2khz.100
101	Spectrogram 1	1	2.56	40.0	75.0	72.4	1.0	bdf	78837.886	78840.446	MARS-20150817T000000Z-2khz.101
102	Spectrogram 1	1	2.048	40.0	75.0	74.2	0.875		78923.39	78925.437999	MARS-20150817T000000Z-2khz.102
103	Spectrogram 1	1	4.6080000000000005	40.0	75.0	72.2	0.8889		79226.494	79231.102	MARS-20150817T000000Z-2khz.103
104	Spectrogram 1	1	2.56	40.0	75.0	74.0	1.0	bdf	79303.038	79305.598	MARS-20150817T000000Z-2khz.104
105	Spectrogram 1	1	4.096	40.0	75.0	74.6	0.8125	bdf	79589.502	79593.598	MARS-20150817T000000Z-2khz.105
106	Spectrogram 1	1	2.8160000000000003	40.0	75.0	78.1	1.0	bdf	79760.51	79763.325999	MARS-20150817T000000Z-2khz.106
107	Spectrogram 1	1	2.3040000000000003	40.0	75.0	72.4	1.0		79775.102	79777.405999	MARS-20150817T000000Z-2khz.107
108	Spectrogram 1	1	3.84	40.0	75.0	76.6	0.9333		79839.614	79843.454	MARS-20150817T000000Z-2khz.108
109	Spectrogram 1	1	2.3040000000000003	40.0	75.0	69.9	0.7778	bdf	79997.822	80000.126	MARS-20150817T000000Z-2khz.109
110	Spectrogram 1	1	2.048	40.0	75.0	73.8	0.75	bdf	80049.278	80051.325999	MARS-20150817T000000Z-2khz.110
111	Spectrogram 1	1	3.072	40.0	75.0	74.3	0.8333	bdf	80057.214	80060.285999	MARS-20150817T000000Z-2khz.111
112	Spectrogram 1	1	2.3040000000000003	40.0	75.0	75.6	0.8889	bdf	80133.758	80136.062	MARS-20150817T000000Z-2khz.112
113	Spectrogram 1	1	3.072	40.0	75.0	82.6	1.0	bdt	80374.91	80377.982	MARS-20150817T000000Z-2khz.113
114	Spectrogram 1	1	2.3040000000000003	40.0	75.0	82.4	1.0	bdt	80409.725999	80412.03	MARS-20150817T000000Z-2khz.114
115	Spectrogram 1	1	3.072	40.0	75.0	72.5	0.8333	bdf	80447.614	80450.685999	MARS-20150817T000000Z-2khz.115
116	Spectrogram 1	1	2.8160000000000003	40.0	75.0	80.3	0.8182	bdf	80500.606	80503.422	MARS-20150817T000000Z-2khz.116
117	Spectrogram 1	1	2.3040000000000003	40.0	75.0	75.2	1.0	bdt	80511.614	80513.918	MARS-20150817T000000Z-2khz.117
118	Spectrogram 1	1	2.56	40.0	75.0	77.3	0.8	bdt	80530.814	80533.374	MARS-20150817T000000Z-2khz.118
119	Spectrogram 1	1	3.3280000000000003	40.0	75.0	80.0	0.9231	bdt	80556.67	80559.998	MARS-20150817T000000Z-2khz.119
120	Spectrogram 1	1	2.048	40.0	75.0	74.1	1.0		80682.878	80684.926	MARS-20150817T000000Z-2khz.120
121	Spectrogram 1	1	2.048	40.0	75.0	73.8	0.75	bdf	80744.062	80746.11	MARS-20150817T000000Z-2khz.121
122	Spectrogram 1	1	2.048	40.0	75.0	70.6	0.875	bdf	80852.606	80854.654	MARS-20150817T000000Z-2khz.122
123	Spectrogram 1	1	2.8160000000000003	40.0	75.0	76.3	0.9091		80971.902	80974.718	MARS-20150817T000000Z-2khz.123
124	Spectrogram 1	1	5.376	40.0	75.0	75.3	1.0	bdf	80990.334	80995.71	MARS-20150817T000000Z-2khz.124
125	Spectrogram 1	1	2.8160000000000003	40.0	75.0	73.0	0.9091	bdf	80996.477999	80999.294	MARS-20150817T000000Z-2khz.125
126	Spectrogram 1	1	2.8160000000000003	40.0	75.0	80.4	1.0	bdt	81015.678	81018.494	MARS-20150817T000000Z-2khz.126
127	Spectrogram 1	1	2.048	40.0	75.0	78.7	0.875		81240.446	81242.494	MARS-20150817T000000Z-2khz.127
128	Spectrogram 1	1	2.56	40.0	75.0	76.9	0.9		81245.054	81247.614	MARS-20150817T000000Z-2khz.128
129	Spectrogram 1	1	2.8160000000000003	40.0	75.0	76.2	1.0	bdf	81386.365999	81389.182	MARS-20150817T000000Z-2khz.129
130	Spectrogram 1	1	2.3040000000000003	40.0	75.0	73.7	1.0	bdf	81508.99	81511.294	MARS-20150817T000000Z-2khz.130
131	Spectrogram 1	1	2.048	40.0	75.0	72.1	0.75		81534.846	81536.894	MARS-20150817T000000Z-2khz.131
132	Spectrogram 1	1	2.048	40.0	75.0	75.8	0.875	bdf	81623.166	81625.214	MARS-20150817T000000Z-2khz.132
133	Spectrogram 1	1	2.56	40.0	75.0	81.1	1.0	bdt	81678.206	81680.765999	MARS-20150817T000000Z-2khz.133
134	Spectrogram 1	1	4.352	40.0	75.0	72.9	0.9412	bdf	81692.797999	81697.15	MARS-20150817T000000Z-2khz.134
135	Spectrogram 1	1	7.167999999999998	40.0	75.0	77.3	0.9643	bdf	81823.102	81830.27	MARS-20150817T000000Z-2khz.135
136	Spectrogram 1	1	4.352	40.0	75.0	75.6	0.7647	bdf	81868.157999	81872.51	MARS-20150817T000000Z-2khz.136
137	Spectrogram 1	1	2.3040000000000003	40.0	75.0	71.2	0.8889	bdf	81922.685999	81924.99	MARS-20150817T000000Z-2khz.137
138	Spectrogram 1	1	2.8160000000000003	40.0	75.0	69.6	0.8182	bdf	81926.782	81929.598	MARS-20150817T000000Z-2khz.138
139	Spectrogram 1	1	2.56	40.0	75.0	78.3	0.9		82119.806	82122.365999	MARS-20150817T000000Z-2khz.139
140	Spectrogram 1	1	3.584	40.0	75.0	85.1	1.0	bdt	82199.934	82203.518	MARS-20150817T000000Z-2khz.140
141	Spectrogram 1	1	2.3040000000000003	40.0	75.0	74.7	0.8889		82353.79	82356.094	MARS-20150817T000000Z-2khz.141
142	Spectrogram 1	1	5.6320000000000014	40.0	75.0	88.4	0.9545	bdt	82598.27	82603.902	MARS-20150817T000000Z-2khz.142
143	Spectrogram 1	1	2.56	40.0	75.0	71.4	0.9		82613.117999	82615.678	MARS-20150817T000000Z-2khz.143
144	Spectrogram 1	1	5.6320000000000014	40.0	75.0	76.0	0.8636	bdf	82941.31	82946.942	MARS-20150817T000000Z-2khz.144
145	Spectrogram 1	1	2.3040000000000003	40.0	75.0	71.2	1.0	bdf	83065.982	83068.285999	MARS-20150817T000000Z-2khz.145
146	Spectrogram 1	1	3.84	40.0	75.0	72.4	0.9333	bdf	83125.117999	83128.958	MARS-20150817T000000Z-2khz.146
147	Spectrogram 1	1	6.144	40.0	75.0	73.0	0.9583	bdf	83341.437999	83347.582	MARS-20150817T000000Z-2khz.147
148	Spectrogram 1	1	3.84	40.0	75.0	82.3	0.9333	bdt	83434.622	83438.462	MARS-20150817T000000Z-2khz.148
149	Spectrogram 1	1	5.376	40.0	75.0	71.5	0.8571		83545.214	83550.59	MARS-20150817T000000Z-2khz.149
150	Spectrogram 1	1	2.8160000000000003	40.0	75.0	72.8	1.0	bdf	83682.685999	83685.502	MARS-20150817T000000Z-2khz.150
151	Spectrogram 1	1	3.3280000000000003	40.0	75.0	71.8	0.9231	bdf	83686.014	83689.342	MARS-20150817T000000Z-2khz.151
152	Spectrogram 1	1	3.3280000000000003	40.0	75.0	75.6	0.9231	bdf	83846.014	83849.342	MARS-20150817T000000Z-2khz.152
153	Spectrogram 1	1	4.352	40.0	75.0	76.2	1.0	bdf	83850.878	83855.23	MARS-20150817T000000Z-2khz.153
154	Spectrogram 1	1	2.3040000000000003	40.0	75.0	74.7	1.0	bdf	83894.654	83896.958	MARS-20150817T000000Z-2khz.154
155	Spectrogram 1	1	5.6320000000000014	40.0	75.0	74.7	0.9545	bdf	83897.47	83903.102	MARS-20150817T000000Z-2khz.155
156	Spectrogram 1	1	5.888	40.0	75.0	78.2	0.913	bdt	83935.358	83941.246	MARS-20150817T000000Z-2khz.156
157	Spectrogram 1	1	3.84	40.0	75.0	80.2	1.0	bdt	83949.694	83953.534	MARS-20150817T000000Z-2khz.157
158	Spectrogram 1	1	4.6080000000000005	40.0	75.0	74.3	1.0	bdf	84035.454	84040.062	MARS-20150817T000000Z-2khz.158
159	Spectrogram 1	1	4.352	40.0	75.0	72.5	1.0	bdf	84175.486	84179.837999	MARS-20150817T000000Z-2khz.159
160	Spectrogram 1	1	4.352	40.0	75.0	73.0	1.0	bdf	84183.678	84188.03	MARS-20150817T000000Z-2khz.160
161	Spectrogram 1	1	2.56	40.0	75.0	75.1	1.0	bdf	84273.022	84275.582	MARS-20150817T000000Z-2khz.161
162	Spectrogram 1	1	2.56	40.0	75.0	76.1	1.0	bdf	84276.094	84278.654	MARS-20150817T000000Z-2khz.162
163	Spectrogram 1	1	3.584	40.0	75.0	76.1	0.9286	bdf	84302.974	84306.558	MARS-20150817T000000Z-2khz.163
164	Spectrogram 1	1	2.56	40.0	75.0	74.9	0.9	bdf	84353.15	84355.71	MARS-20150817T000000Z-2khz.164
165	Spectrogram 1	1	2.3040000000000003	40.0	75.0	74.2	0.8889	bdf	84361.854	84364.157999	MARS-20150817T000000Z-2khz.165
166	Spectrogram 1	1	5.12	40.0	75.0	77.1	0.95	bdf	84450.174	84455.294	MARS-20150817T000000Z-2khz.166
167	Spectrogram 1	1	3.84	40.0	75.0	78.7	1.0	bdf	84496.765999	84500.606	MARS-20150817T000000Z-2khz.167
168	Spectrogram 1	1	2.048	40.0	75.0	74.2	0.75	bdf	84532.35	84534.398	MARS-20150817T000000Z-2khz.168
169	Spectrogram 1	1	3.84	40.0	75.0	71.2	0.8667	bdf	84579.198	84583.038	MARS-20150817T000000Z-2khz.169
170	Spectrogram 1	1	5.12	40.0	75.0	72.5	0.95	bdf	84583.55	84588.67	MARS-20150817T000000Z-2khz.170
171	Spectrogram 1	1	3.3280000000000003	40.0	75.0	77.3	1.0	bdf	84622.462	84625.79	MARS-20150817T000000Z-2khz.171
172	Spectrogram 1	1	2.048	40.0	75.0	75.9	1.0		84714.622	84716.67	MARS-20150817T000000Z-2khz.172
173	Spectrogram 1	1	4.096	40.0	75.0	74.3	0.9375	bdt	84717.182	84721.278	MARS-20150817T000000Z-2khz.173
174	Spectrogram 1	1	5.12	40.0	75.0	73.4	1.0	bdf	84731.005999	84736.126	MARS-20150817T000000Z-2khz.174
175	Spectrogram 1	1	2.3040000000000003	40.0	75.0	71.6	0.8889	bdf	84756.094	84758.398	MARS-20150817T000000Z-2khz.175
176	Spectrogram 1	1	5.6320000000000014	40.0	75.0	72.1	0.9091	bdf	84772.477999	84778.11	MARS-20150817T000000Z-2khz.176
177	Spectrogram 1	1	4.096	40.0	75.0	68.8	0.875	bdf	84821.886	84825.982	MARS-20150817T000000Z-2khz.177
178	Spectrogram 1	1	6.6560000000000015	40.0	75.0	74.5	0.8846	bdf	84877.437999	84884.094	MARS-20150817T000000Z-2khz.178
179	Spectrogram 1	1	3.584	40.0	75.0	74.8	0.8571	bdf	85152.638	85156.222	MARS-20150817T000000Z-2khz.179
180	Spectrogram 1	1	2.3040000000000003	40.0	75.0	76.7	1.0	bdf	85192.574	85194.878	MARS-20150817T000000Z-2khz.180
181	Spectrogram 1	1	3.584	40.0	75.0	79.6	1.0	bdf	85380.734	85384.318	MARS-20150817T000000Z-2khz.181
182	Spectrogram 1	1	3.584	40.0	75.0	70.6	0.9286		85444.99	85448.574	MARS-20150817T000000Z-2khz.182
183	Spectrogram 1	1	2.048	40.0	75.0	68.5	0.75	bdf	85492.35	85494.398	MARS-20150817T000000Z-2khz.183
184	Spectrogram 1	1	3.072	40.0	75.0	71.8	0.8333	bdf	85700.99	85704.062	MARS-20150817T000000Z-2khz.184
185	Spectrogram 1	1	2.56	40.0	75.0	71.0	0.8		85812.606	85815.166	MARS-20150817T000000Z-2khz.185
186	Spectrogram 1	1	2.3040000000000003	40.0	75.0	71.0	0.8889		85982.078	85984.382	MARS-20150817T000000Z-2khz.186
187	Spectrogram 1	1	3.072	40.0	75.0	82.7	1.0	bdt	86030.462	86033.534	MARS-20150817T000000Z-2khz.187
188	Spectrogram 1	1	3.3280000000000003	40.0	75.0	69.5	0.7692	bdf	86080.382	86083.71	MARS-20150817T000000Z-2khz.188
189	Spectrogram 1	1	2.56	40.0	75.0	73.5	1.0	bdf	86111.358	86113.918	MARS-20150817T000000Z-2khz.189
190	Spectrogram 1	1	2.048	40.0	75.0	65.5	0.75		86143.614	86145.662	MARS-20150817T000000Z-2khz.190
