Selection	View	Channel	Delta Time (s)	Low Freq (Hz)	High Freq (Hz)	Max Power (dB)	Occupancy	classification	Begin Time (s)	End Time (s)	spect_key
1	Spectrogram 1	1	3.584	40.0	75.0	75.4	0.7857	bdf	25805.95	25809.534	MARS-20151107T000000Z-2khz.1
2	Spectrogram 1	1	6.144	40.0	75.0	78.6	1.0	bdf	26049.661999	26055.806	MARS-20151107T000000Z-2khz.2
3	Spectrogram 1	1	2.8160000000000003	40.0	75.0	76.5	1.0	bdf	26308.99	26311.806	MARS-20151107T000000Z-2khz.3
4	Spectrogram 1	1	2.3040000000000003	40.0	75.0	75.7	0.7778	bdf	26454.398	26456.702	MARS-20151107T000000Z-2khz.4
5	Spectrogram 1	1	3.3280000000000003	40.0	75.0	72.0	0.7692	bdf	26463.358	26466.686	MARS-20151107T000000Z-2khz.5
6	Spectrogram 1	1	2.56	40.0	75.0	76.2	1.0	bdf	26502.526	26505.086	MARS-20151107T000000Z-2khz.6
7	Spectrogram 1	1	3.84	40.0	75.0	74.0	0.8	bdf	26718.333999	26722.174	MARS-20151107T000000Z-2khz.7
8	Spectrogram 1	1	3.3280000000000003	40.0	75.0	77.8	0.9231	bdf	26809.726	26813.053999	MARS-20151107T000000Z-2khz.8
9	Spectrogram 1	1	2.8160000000000003	40.0	75.0	74.5	0.9091	bdf	27179.39	27182.206	MARS-20151107T000000Z-2khz.9
10	Spectrogram 1	1	2.048	40.0	75.0	76.5	1.0	bdf	27306.622	27308.67	MARS-20151107T000000Z-2khz.10
11	Spectrogram 1	1	2.3040000000000003	40.0	75.0	72.9	0.7778	bdf	27330.429999	27332.734	MARS-20151107T000000Z-2khz.11
12	Spectrogram 1	1	2.3040000000000003	40.0	75.0	79.6	1.0	bdf	27446.91	27449.214	MARS-20151107T000000Z-2khz.12
13	Spectrogram 1	1	2.8160000000000003	40.0	75.0	77.2	0.9091	bdf	27614.334	27617.15	MARS-20151107T000000Z-2khz.13
14	Spectrogram 1	1	4.352	40.0	75.0	76.2	0.8824	bdf	27794.558	27798.91	MARS-20151107T000000Z-2khz.14
15	Spectrogram 1	1	2.3040000000000003	40.0	75.0	76.1	0.8889	bdf	28056.19	28058.494	MARS-20151107T000000Z-2khz.15
16	Spectrogram 1	1	5.376	40.0	75.0	78.5	1.0	bdf	28062.59	28067.966	MARS-20151107T000000Z-2khz.16
17	Spectrogram 1	1	3.584	40.0	75.0	80.7	0.8571	bdf	28099.71	28103.294	MARS-20151107T000000Z-2khz.17
18	Spectrogram 1	1	5.6320000000000014	40.0	75.0	81.6	1.0	bdf	28115.582	28121.214	MARS-20151107T000000Z-2khz.18
19	Spectrogram 1	1	4.096	40.0	75.0	84.2	1.0	bdf	28151.422	28155.518	MARS-20151107T000000Z-2khz.19
20	Spectrogram 1	1	3.584	40.0	75.0	81.3	0.9286	bdf	28281.725999	28285.31	MARS-20151107T000000Z-2khz.20
21	Spectrogram 1	1	5.376	40.0	75.0	79.6	0.9524	bdf	28295.294	28300.67	MARS-20151107T000000Z-2khz.21
22	Spectrogram 1	1	5.376	40.0	75.0	81.2	1.0	bdf	28475.006	28480.382	MARS-20151107T000000Z-2khz.22
23	Spectrogram 1	1	2.3040000000000003	40.0	75.0	77.8	0.8889	bdf	28497.022	28499.325999	MARS-20151107T000000Z-2khz.23
24	Spectrogram 1	1	4.864	40.0	75.0	78.1	0.9474	bdf	28625.278	28630.142	MARS-20151107T000000Z-2khz.24
25	Spectrogram 1	1	5.376	40.0	75.0	81.9	0.9524	bdf	28643.454	28648.83	MARS-20151107T000000Z-2khz.25
26	Spectrogram 1	1	5.888	40.0	75.0	82.3	1.0	bdf	28654.718	28660.606	MARS-20151107T000000Z-2khz.26
27	Spectrogram 1	1	3.072	40.0	75.0	78.2	0.75	bdf	28691.582	28694.654	MARS-20151107T000000Z-2khz.27
28	Spectrogram 1	1	3.84	40.0	75.0	83.6	1.0	bdf	28708.478	28712.317999	MARS-20151107T000000Z-2khz.28
29	Spectrogram 1	1	3.84	40.0	75.0	83.8	1.0	bdf	28810.622	28814.462	MARS-20151107T000000Z-2khz.29
30	Spectrogram 1	1	5.6320000000000014	40.0	75.0	81.0	1.0	bdf	28879.23	28884.862	MARS-20151107T000000Z-2khz.30
31	Spectrogram 1	1	4.352	40.0	75.0	82.4	1.0	bdf	28923.262	28927.614	MARS-20151107T000000Z-2khz.31
32	Spectrogram 1	1	3.584	40.0	75.0	76.4	0.9286	bdf	28934.27	28937.854	MARS-20151107T000000Z-2khz.32
33	Spectrogram 1	1	4.864	40.0	75.0	79.2	1.0	bdf	29003.645999	29008.51	MARS-20151107T000000Z-2khz.33
34	Spectrogram 1	1	5.12	40.0	75.0	84.6	1.0	bdf	29111.934	29117.054	MARS-20151107T000000Z-2khz.34
35	Spectrogram 1	1	6.4	40.0	75.0	85.5	1.0	bdf	29149.054	29155.454	MARS-20151107T000000Z-2khz.35
36	Spectrogram 1	1	2.8160000000000003	40.0	75.0	84.1	1.0	bdf	29166.462	29169.278	MARS-20151107T000000Z-2khz.36
37	Spectrogram 1	1	6.6560000000000015	40.0	75.0	83.8	1.0	bdf	29214.59	29221.245999	MARS-20151107T000000Z-2khz.37
38	Spectrogram 1	1	7.68	40.0	75.0	87.0	0.9	bdf	29347.965999	29355.645999	MARS-20151107T000000Z-2khz.38
39	Spectrogram 1	1	3.3280000000000003	40.0	75.0	86.3	1.0	bdf	29356.157999	29359.486	MARS-20151107T000000Z-2khz.39
40	Spectrogram 1	1	3.3280000000000003	40.0	75.0	85.4	0.9231	bdf	29363.326	29366.654	MARS-20151107T000000Z-2khz.40
41	Spectrogram 1	1	6.912000000000001	40.0	75.0	86.1	1.0	bdf	29413.758	29420.67	MARS-20151107T000000Z-2khz.41
42	Spectrogram 1	1	6.144	40.0	75.0	82.3	1.0	bdf	29599.358	29605.502	MARS-20151107T000000Z-2khz.42
43	Spectrogram 1	1	6.6560000000000015	40.0	75.0	82.4	1.0	bdf	29654.398	29661.054	MARS-20151107T000000Z-2khz.43
44	Spectrogram 1	1	6.6560000000000015	40.0	75.0	82.2	1.0	bdf	29814.654	29821.31	MARS-20151107T000000Z-2khz.44
45	Spectrogram 1	1	5.376	40.0	75.0	84.9	1.0	bdf	29856.382	29861.758	MARS-20151107T000000Z-2khz.45
46	Spectrogram 1	1	3.584	40.0	75.0	84.6	0.9286	bdf	29872.51	29876.094	MARS-20151107T000000Z-2khz.46
47	Spectrogram 1	1	4.096	40.0	75.0	84.3	1.0	bdf	29907.07	29911.166	MARS-20151107T000000Z-2khz.47
48	Spectrogram 1	1	5.12	40.0	75.0	81.2	1.0	bdf	29913.47	29918.59	MARS-20151107T000000Z-2khz.48
49	Spectrogram 1	1	4.6080000000000005	40.0	75.0	84.2	1.0	bdf	30037.885999	30042.494	MARS-20151107T000000Z-2khz.49
50	Spectrogram 1	1	2.8160000000000003	40.0	75.0	78.3	0.8182	bdf	30045.822	30048.638	MARS-20151107T000000Z-2khz.50
51	Spectrogram 1	1	5.888	40.0	75.0	80.9	1.0	bdf	30052.478	30058.366	MARS-20151107T000000Z-2khz.51
52	Spectrogram 1	1	3.072	40.0	75.0	80.4	1.0	bdf	30169.214	30172.286	MARS-20151107T000000Z-2khz.52
53	Spectrogram 1	1	4.352	40.0	75.0	83.6	1.0	bdf	30184.83	30189.182	MARS-20151107T000000Z-2khz.53
54	Spectrogram 1	1	2.8160000000000003	40.0	75.0	81.9	1.0	bdf	30221.694	30224.51	MARS-20151107T000000Z-2khz.54
55	Spectrogram 1	1	5.12	40.0	75.0	78.0	1.0	bdf	30227.07	30232.19	MARS-20151107T000000Z-2khz.55
56	Spectrogram 1	1	6.144	40.0	75.0	80.9	0.9583	bdf	30235.774	30241.918	MARS-20151107T000000Z-2khz.56
57	Spectrogram 1	1	3.84	40.0	75.0	80.9	1.0	bdf	30277.502	30281.342	MARS-20151107T000000Z-2khz.57
58	Spectrogram 1	1	2.8160000000000003	40.0	75.0	77.3	0.9091	bdf	30285.438	30288.254	MARS-20151107T000000Z-2khz.58
59	Spectrogram 1	1	5.6320000000000014	40.0	75.0	79.2	1.0	bdf	30292.094	30297.726	MARS-20151107T000000Z-2khz.59
60	Spectrogram 1	1	2.8160000000000003	40.0	75.0	76.6	0.9091	bdf	30353.79	30356.606	MARS-20151107T000000Z-2khz.60
61	Spectrogram 1	1	6.6560000000000015	40.0	75.0	83.8	1.0	bdf	30555.262	30561.918	MARS-20151107T000000Z-2khz.61
62	Spectrogram 1	1	4.6080000000000005	40.0	75.0	85.6	1.0	bdf	30611.581999	30616.19	MARS-20151107T000000Z-2khz.62
63	Spectrogram 1	1	6.144	40.0	75.0	87.2	0.9583	bdf	30645.374	30651.518	MARS-20151107T000000Z-2khz.63
64	Spectrogram 1	1	4.096	40.0	75.0	86.5	1.0	bdf	30662.014	30666.11	MARS-20151107T000000Z-2khz.64
65	Spectrogram 1	1	2.048	40.0	75.0	76.1	1.0	bdf	30677.885999	30679.934	MARS-20151107T000000Z-2khz.65
66	Spectrogram 1	1	2.048	40.0	75.0	76.3	0.875	bdf	30732.158	30734.206	MARS-20151107T000000Z-2khz.66
67	Spectrogram 1	1	2.3040000000000003	40.0	75.0	71.4	1.0	bdf	30765.95	30768.254	MARS-20151107T000000Z-2khz.67
68	Spectrogram 1	1	6.6560000000000015	40.0	75.0	85.1	1.0	bdf	30791.55	30798.206	MARS-20151107T000000Z-2khz.68
69	Spectrogram 1	1	2.048	40.0	75.0	85.2	0.875	bdf	30901.885999	30903.934	MARS-20151107T000000Z-2khz.69
70	Spectrogram 1	1	2.048	40.0	75.0	82.7	1.0		31054.462	31056.51	MARS-20151107T000000Z-2khz.70
71	Spectrogram 1	1	2.3040000000000003	40.0	75.0	76.5	1.0		31060.35	31062.654	MARS-20151107T000000Z-2khz.71
72	Spectrogram 1	1	6.4	40.0	75.0	87.0	1.0	bdf	31096.446	31102.846	MARS-20151107T000000Z-2khz.72
73	Spectrogram 1	1	5.12	40.0	75.0	85.5	1.0	bdf	31150.718	31155.838	MARS-20151107T000000Z-2khz.73
74	Spectrogram 1	1	3.84	40.0	75.0	86.1	1.0	bdf	31186.814	31190.654	MARS-20151107T000000Z-2khz.74
75	Spectrogram 1	1	3.84	40.0	75.0	85.9	0.9333	bdf	31202.43	31206.27	MARS-20151107T000000Z-2khz.75
76	Spectrogram 1	1	2.3040000000000003	40.0	75.0	83.8	0.8889	bdf	31337.342	31339.646	MARS-20151107T000000Z-2khz.76
77	Spectrogram 1	1	4.864	40.0	75.0	84.3	1.0	bdf	31348.606	31353.47	MARS-20151107T000000Z-2khz.77
78	Spectrogram 1	1	4.864	40.0	75.0	84.7	1.0	bdf	31399.294	31404.158	MARS-20151107T000000Z-2khz.78
79	Spectrogram 1	1	3.3280000000000003	40.0	75.0	74.2	0.8462	bdf	31503.486	31506.814	MARS-20151107T000000Z-2khz.79
80	Spectrogram 1	1	5.888	40.0	75.0	83.3	1.0	bdf	31534.462	31540.35	MARS-20151107T000000Z-2khz.80
81	Spectrogram 1	1	6.144	40.0	75.0	84.7	0.875	bdf	31574.91	31581.054	MARS-20151107T000000Z-2khz.81
82	Spectrogram 1	1	6.4	40.0	75.0	83.8	1.0	bdf	31590.014	31596.414	MARS-20151107T000000Z-2khz.82
83	Spectrogram 1	1	4.6080000000000005	40.0	75.0	84.8	0.9444	bdf	31626.878	31631.486	MARS-20151107T000000Z-2khz.83
84	Spectrogram 1	1	3.84	40.0	75.0	80.2	1.0	bdf	31705.982	31709.821999	MARS-20151107T000000Z-2khz.84
85	Spectrogram 1	1	4.352	40.0	75.0	83.1	1.0	bdf	31722.366	31726.718	MARS-20151107T000000Z-2khz.85
86	Spectrogram 1	1	2.048	40.0	75.0	77.6	1.0	bdf	31757.694	31759.741999	MARS-20151107T000000Z-2khz.86
87	Spectrogram 1	1	2.56	40.0	75.0	76.3	0.9	bdf	31761.79	31764.35	MARS-20151107T000000Z-2khz.87
88	Spectrogram 1	1	5.888	40.0	75.0	84.1	0.913	bdf	31772.03	31777.918	MARS-20151107T000000Z-2khz.88
89	Spectrogram 1	1	2.048	40.0	75.0	82.4	0.875		31826.558	31828.606	MARS-20151107T000000Z-2khz.89
90	Spectrogram 1	1	4.096	40.0	75.0	88.3	1.0	bdf	31873.406	31877.501999	MARS-20151107T000000Z-2khz.90
91	Spectrogram 1	1	2.048	40.0	75.0	80.4	0.875		31909.501999	31911.55	MARS-20151107T000000Z-2khz.91
92	Spectrogram 1	1	2.3040000000000003	40.0	75.0	78.3	0.8889		31946.878	31949.182	MARS-20151107T000000Z-2khz.92
93	Spectrogram 1	1	5.376	40.0	75.0	79.9	1.0	bdf	31961.982	31967.358	MARS-20151107T000000Z-2khz.93
94	Spectrogram 1	1	5.888	40.0	75.0	80.0	0.9565	bdf	32015.486	32021.374	MARS-20151107T000000Z-2khz.94
95	Spectrogram 1	1	5.6320000000000014	40.0	75.0	80.3	0.9545	bdf	32069.246	32074.878	MARS-20151107T000000Z-2khz.95
96	Spectrogram 1	1	2.048	40.0	75.0	83.6	0.875	bdf	32123.005999	32125.054	MARS-20151107T000000Z-2khz.96
97	Spectrogram 1	1	3.3280000000000003	40.0	75.0	76.4	0.8462	bdf	32196.478	32199.806	MARS-20151107T000000Z-2khz.97
98	Spectrogram 1	1	6.4	40.0	75.0	77.7	1.0	bdf	32250.238	32256.638	MARS-20151107T000000Z-2khz.98
99	Spectrogram 1	1	4.6080000000000005	40.0	75.0	78.4	0.9444	bdf	32296.574	32301.182	MARS-20151107T000000Z-2khz.99
100	Spectrogram 1	1	5.888	40.0	75.0	79.5	1.0	bdf	32308.861999	32314.75	MARS-20151107T000000Z-2khz.100
101	Spectrogram 1	1	2.3040000000000003	40.0	75.0	80.3	0.8889	bdf	32346.494	32348.798	MARS-20151107T000000Z-2khz.101
102	Spectrogram 1	1	6.144	40.0	75.0	80.2	1.0	bdf	32414.846	32420.99	MARS-20151107T000000Z-2khz.102
103	Spectrogram 1	1	7.68	40.0	75.0	81.3	1.0	bdf	32480.894	32488.574	MARS-20151107T000000Z-2khz.103
104	Spectrogram 1	1	3.3280000000000003	40.0	75.0	80.5	0.9231	bdf	32489.085999	32492.414	MARS-20151107T000000Z-2khz.104
105	Spectrogram 1	1	3.84	40.0	75.0	82.7	1.0	bdf	32496.51	32500.35	MARS-20151107T000000Z-2khz.105
106	Spectrogram 1	1	5.888	40.0	75.0	81.4	0.913	bdf	32536.19	32542.078	MARS-20151107T000000Z-2khz.106
107	Spectrogram 1	1	4.864	40.0	75.0	80.0	0.8947	bdf	32548.222	32553.085999	MARS-20151107T000000Z-2khz.107
108	Spectrogram 1	1	7.936	40.0	75.0	84.0	0.9355	bdf	32780.158	32788.094	MARS-20151107T000000Z-2khz.108
109	Spectrogram 1	1	5.376	40.0	75.0	83.5	1.0	bdf	32795.518	32800.894	MARS-20151107T000000Z-2khz.109
110	Spectrogram 1	1	5.376	40.0	75.0	82.5	0.8571	bdf	32838.27	32843.646	MARS-20151107T000000Z-2khz.110
111	Spectrogram 1	1	5.6320000000000014	40.0	75.0	82.5	1.0	bdf	32847.741999	32853.374	MARS-20151107T000000Z-2khz.111
112	Spectrogram 1	1	4.352	40.0	75.0	81.8	1.0	bdf	32907.901999	32912.254	MARS-20151107T000000Z-2khz.112
113	Spectrogram 1	1	4.352	40.0	75.0	84.8	1.0	bdf	32943.486	32947.838	MARS-20151107T000000Z-2khz.113
114	Spectrogram 1	1	6.912000000000001	40.0	75.0	85.9	0.963	bdf	33000.318	33007.23	MARS-20151107T000000Z-2khz.114
115	Spectrogram 1	1	7.167999999999998	40.0	75.0	86.5	0.9643	bdf	33011.07	33018.238	MARS-20151107T000000Z-2khz.115
116	Spectrogram 1	1	6.4	40.0	75.0	83.3	0.96	bdf	33154.686	33161.085999	MARS-20151107T000000Z-2khz.116
117	Spectrogram 1	1	7.936	40.0	75.0	85.4	1.0	bdf	33194.621999	33202.558	MARS-20151107T000000Z-2khz.117
118	Spectrogram 1	1	6.4	40.0	75.0	84.3	1.0	bdf	33207.422	33213.821999	MARS-20151107T000000Z-2khz.118
119	Spectrogram 1	1	2.56	40.0	75.0	82.0	1.0	bdf	33244.798	33247.358	MARS-20151107T000000Z-2khz.119
120	Spectrogram 1	1	2.048	40.0	75.0	85.1	0.875	bdf	33248.382	33250.43	MARS-20151107T000000Z-2khz.120
121	Spectrogram 1	1	5.888	40.0	75.0	84.9	1.0	bdf	33313.15	33319.038	MARS-20151107T000000Z-2khz.121
122	Spectrogram 1	1	2.3040000000000003	40.0	75.0	85.2	0.8889	bdf	33425.534	33427.838	MARS-20151107T000000Z-2khz.122
123	Spectrogram 1	1	5.376	40.0	75.0	82.0	1.0	bdf	33461.629999	33467.005999	MARS-20151107T000000Z-2khz.123
124	Spectrogram 1	1	6.912000000000001	40.0	75.0	85.5	1.0	bdf	33483.646	33490.558	MARS-20151107T000000Z-2khz.124
125	Spectrogram 1	1	4.096	40.0	75.0	78.0	0.875	bdf	33493.886	33497.982	MARS-20151107T000000Z-2khz.125
126	Spectrogram 1	1	2.8160000000000003	40.0	75.0	83.8	1.0	bdf	33535.358	33538.174	MARS-20151107T000000Z-2khz.126
127	Spectrogram 1	1	7.423999999999999	40.0	75.0	83.2	1.0	bdf	33538.941999	33546.366	MARS-20151107T000000Z-2khz.127
128	Spectrogram 1	1	4.352	40.0	75.0	86.0	1.0	bdf	33741.693999	33746.046	MARS-20151107T000000Z-2khz.128
129	Spectrogram 1	1	6.144	40.0	75.0	85.1	0.9583	bdf	33780.35	33786.494	MARS-20151107T000000Z-2khz.129
130	Spectrogram 1	1	4.352	40.0	75.0	86.4	1.0	bdf	33787.261999	33791.614	MARS-20151107T000000Z-2khz.130
131	Spectrogram 1	1	3.584	40.0	75.0	85.3	1.0	bdf	33795.454	33799.038	MARS-20151107T000000Z-2khz.131
132	Spectrogram 1	1	2.56	40.0	75.0	85.0	1.0	bdf	33833.341999	33835.902	MARS-20151107T000000Z-2khz.132
133	Spectrogram 1	1	7.68	40.0	75.0	86.3	1.0	bdf	33836.926	33844.606	MARS-20151107T000000Z-2khz.133
134	Spectrogram 1	1	7.423999999999999	40.0	75.0	82.6	0.931	bdf	33847.678	33855.101999	MARS-20151107T000000Z-2khz.134
135	Spectrogram 1	1	2.048	40.0	75.0	84.1	1.0	bdf	33885.822	33887.87	MARS-20151107T000000Z-2khz.135
136	Spectrogram 1	1	6.912000000000001	40.0	75.0	86.1	1.0	bdf	33889.662	33896.574	MARS-20151107T000000Z-2khz.136
137	Spectrogram 1	1	6.6560000000000015	40.0	75.0	82.9	0.9615	bdf	34039.678	34046.334	MARS-20151107T000000Z-2khz.137
138	Spectrogram 1	1	6.4	40.0	75.0	84.4	1.0	bdf	34054.782	34061.181999	MARS-20151107T000000Z-2khz.138
139	Spectrogram 1	1	4.864	40.0	75.0	83.3	1.0	bdf	34093.438	34098.302	MARS-20151107T000000Z-2khz.139
140	Spectrogram 1	1	6.144	40.0	75.0	82.8	1.0	bdf	34108.542	34114.686	MARS-20151107T000000Z-2khz.140
141	Spectrogram 1	1	3.072	40.0	75.0	83.8	0.9167	bdf	34147.198	34150.27	MARS-20151107T000000Z-2khz.141
142	Spectrogram 1	1	3.584	40.0	75.0	83.9	0.8571	bdf	34209.918	34213.502	MARS-20151107T000000Z-2khz.142
143	Spectrogram 1	1	4.096	40.0	75.0	82.6	1.0	bdf	34238.334	34242.43	MARS-20151107T000000Z-2khz.143
144	Spectrogram 1	1	6.4	40.0	75.0	82.2	1.0	bdf	34242.942	34249.341999	MARS-20151107T000000Z-2khz.144
145	Spectrogram 1	1	5.888	40.0	75.0	83.1	1.0	bdf	34252.67	34258.558	MARS-20151107T000000Z-2khz.145
146	Spectrogram 1	1	2.3040000000000003	40.0	75.0	82.9	1.0	bdf	34291.582	34293.886	MARS-20151107T000000Z-2khz.146
147	Spectrogram 1	1	6.4	40.0	75.0	81.2	1.0	bdf	34295.678	34302.078	MARS-20151107T000000Z-2khz.147
148	Spectrogram 1	1	6.4	40.0	75.0	81.6	1.0	bdf	34305.662	34312.062	MARS-20151107T000000Z-2khz.148
149	Spectrogram 1	1	4.864	40.0	75.0	82.1	1.0	bdf	34594.942	34599.806	MARS-20151107T000000Z-2khz.149
150	Spectrogram 1	1	4.864	40.0	75.0	80.2	0.9474	bdf	34633.086	34637.95	MARS-20151107T000000Z-2khz.150
151	Spectrogram 1	1	6.4	40.0	75.0	83.1	1.0	bdf	34646.142	34652.542	MARS-20151107T000000Z-2khz.151
152	Spectrogram 1	1	6.6560000000000015	40.0	75.0	83.2	1.0	bdf	34692.99	34699.646	MARS-20151107T000000Z-2khz.152
153	Spectrogram 1	1	5.376	40.0	75.0	82.0	1.0	bdf	34703.742	34709.118	MARS-20151107T000000Z-2khz.153
154	Spectrogram 1	1	4.096	40.0	75.0	81.3	0.9375	bdf	34740.862	34744.958	MARS-20151107T000000Z-2khz.154
155	Spectrogram 1	1	5.12	40.0	75.0	82.7	1.0	bdf	34745.982	34751.101999	MARS-20151107T000000Z-2khz.155
156	Spectrogram 1	1	5.6320000000000014	40.0	75.0	82.4	0.9545	bdf	34931.582	34937.214	MARS-20151107T000000Z-2khz.156
157	Spectrogram 1	1	7.423999999999999	40.0	75.0	81.8	0.9655	bdf	34945.15	34952.574	MARS-20151107T000000Z-2khz.157
158	Spectrogram 1	1	2.8160000000000003	40.0	75.0	82.2	1.0	bdf	34985.341999	34988.158	MARS-20151107T000000Z-2khz.158
159	Spectrogram 1	1	6.4	40.0	75.0	82.2	0.96	bdf	34999.166	35005.565999	MARS-20151107T000000Z-2khz.159
160	Spectrogram 1	1	3.584	40.0	75.0	80.7	1.0	bdf	35037.31	35040.894	MARS-20151107T000000Z-2khz.160
161	Spectrogram 1	1	4.352	40.0	75.0	79.4	0.8235	bdf	35043.966	35048.318	MARS-20151107T000000Z-2khz.161
162	Spectrogram 1	1	4.864	40.0	75.0	81.3	1.0	bdf	35052.158	35057.021999	MARS-20151107T000000Z-2khz.162
163	Spectrogram 1	1	2.8160000000000003	40.0	75.0	81.7	1.0	bdf	35089.534	35092.35	MARS-20151107T000000Z-2khz.163
164	Spectrogram 1	1	4.6080000000000005	40.0	75.0	79.9	1.0	bdf	35095.678	35100.286	MARS-20151107T000000Z-2khz.164
165	Spectrogram 1	1	5.6320000000000014	40.0	75.0	77.4	1.0	bdf	35104.126	35109.758	MARS-20151107T000000Z-2khz.165
166	Spectrogram 1	1	6.912000000000001	40.0	75.0	78.2	1.0	bdf	35321.47	35328.382	MARS-20151107T000000Z-2khz.166
167	Spectrogram 1	1	3.072	40.0	75.0	77.9	1.0	bdf	35374.462	35377.534	MARS-20151107T000000Z-2khz.167
168	Spectrogram 1	1	3.84	40.0	75.0	75.1	0.8667	bdf	35384.446	35388.286	MARS-20151107T000000Z-2khz.168
169	Spectrogram 1	1	5.12	40.0	75.0	78.7	0.9	bdf	35453.31	35458.43	MARS-20151107T000000Z-2khz.169
170	Spectrogram 1	1	5.12	40.0	75.0	77.9	0.95	bdf	35462.27	35467.39	MARS-20151107T000000Z-2khz.170
171	Spectrogram 1	1	6.144	40.0	75.0	79.6	0.9167	bdf	35502.974	35509.118	MARS-20151107T000000Z-2khz.171
172	Spectrogram 1	1	4.864	40.0	75.0	78.4	0.9474	bdf	35558.27	35563.134	MARS-20151107T000000Z-2khz.172
173	Spectrogram 1	1	6.6560000000000015	40.0	75.0	75.7	1.0	bdf	35567.23	35573.886	MARS-20151107T000000Z-2khz.173
174	Spectrogram 1	1	6.912000000000001	40.0	75.0	76.4	0.8889	bdf	35650.686	35657.598	MARS-20151107T000000Z-2khz.174
175	Spectrogram 1	1	3.072	40.0	75.0	74.8	0.75	bdf	35663.998	35667.07	MARS-20151107T000000Z-2khz.175
176	Spectrogram 1	1	2.048	40.0	75.0	76.0	0.875	bdf	35699.582	35701.63	MARS-20151107T000000Z-2khz.176
177	Spectrogram 1	1	6.4	40.0	75.0	77.8	0.96	bdf	35703.934	35710.333999	MARS-20151107T000000Z-2khz.177
178	Spectrogram 1	1	2.56	40.0	75.0	73.5	0.9	bdf	35722.878	35725.438	MARS-20151107T000000Z-2khz.178
179	Spectrogram 1	1	6.4	40.0	75.0	77.4	1.0	bdf	35935.101999	35941.502	MARS-20151107T000000Z-2khz.179
180	Spectrogram 1	1	6.6560000000000015	40.0	75.0	77.6	1.0	bdf	35944.573999	35951.23	MARS-20151107T000000Z-2khz.180
181	Spectrogram 1	1	5.6320000000000014	40.0	75.0	72.5	0.9091	bdf	35977.341999	35982.973999	MARS-20151107T000000Z-2khz.181
182	Spectrogram 1	1	2.3040000000000003	40.0	75.0	79.9	0.7778	bdf	35988.35	35990.653999	MARS-20151107T000000Z-2khz.182
183	Spectrogram 1	1	3.84	40.0	75.0	73.3	0.9333	bdf	36107.902	36111.742	MARS-20151107T000000Z-2khz.183
184	Spectrogram 1	1	4.6080000000000005	40.0	75.0	73.8	1.0	bdf	36247.166	36251.774	MARS-20151107T000000Z-2khz.184
185	Spectrogram 1	1	2.8160000000000003	40.0	75.0	74.7	0.8182	bdf	36271.486	36274.302	MARS-20151107T000000Z-2khz.185
186	Spectrogram 1	1	7.167999999999998	40.0	75.0	77.3	0.9286	bdf	36288.638	36295.806	MARS-20151107T000000Z-2khz.186
187	Spectrogram 1	1	5.376	40.0	75.0	74.3	1.0	bdf	36303.23	36308.606	MARS-20151107T000000Z-2khz.187
188	Spectrogram 1	1	3.072	40.0	75.0	77.0	0.9167	bdf	36339.326	36342.398	MARS-20151107T000000Z-2khz.188
189	Spectrogram 1	1	2.56	40.0	75.0	76.2	0.9	bdf	36344.702	36347.261999	MARS-20151107T000000Z-2khz.189
190	Spectrogram 1	1	2.56	40.0	75.0	71.5	0.8	bdf	36398.462	36401.021999	MARS-20151107T000000Z-2khz.190
191	Spectrogram 1	1	7.167999999999998	40.0	75.0	77.1	0.8571	bdf	36407.934	36415.101999	MARS-20151107T000000Z-2khz.191
192	Spectrogram 1	1	5.888	40.0	75.0	76.4	1.0	bdf	36422.526	36428.413999	MARS-20151107T000000Z-2khz.192
193	Spectrogram 1	1	2.048	40.0	75.0	77.7	1.0	bdf	36477.822	36479.87	MARS-20151107T000000Z-2khz.193
194	Spectrogram 1	1	4.096	40.0	75.0	76.3	0.9375	bdf	36556.158	36560.253999	MARS-20151107T000000Z-2khz.194
195	Spectrogram 1	1	5.376	40.0	75.0	78.4	1.0	bdf	36571.261999	36576.638	MARS-20151107T000000Z-2khz.195
196	Spectrogram 1	1	3.584	40.0	75.0	76.9	0.9286	bdf	36608.382	36611.966	MARS-20151107T000000Z-2khz.196
197	Spectrogram 1	1	5.888	40.0	75.0	75.2	0.9565	bdf	36622.206	36628.094	MARS-20151107T000000Z-2khz.197
198	Spectrogram 1	1	3.3280000000000003	40.0	75.0	74.1	0.8462	bdf	36773.502	36776.83	MARS-20151107T000000Z-2khz.198
199	Spectrogram 1	1	3.84	40.0	75.0	73.9	0.9333	bdf	36779.902	36783.742	MARS-20151107T000000Z-2khz.199
200	Spectrogram 1	1	5.12	40.0	75.0	74.5	1.0	bdf	36862.078	36867.198	MARS-20151107T000000Z-2khz.200
201	Spectrogram 1	1	5.12	40.0	75.0	74.9	0.95	bdf	36917.63	36922.75	MARS-20151107T000000Z-2khz.201
202	Spectrogram 1	1	5.888	40.0	75.0	76.2	0.8696	bdf	36957.053999	36962.942	MARS-20151107T000000Z-2khz.202
203	Spectrogram 1	1	3.072	40.0	75.0	73.8	1.0	bdf	36971.39	36974.462	MARS-20151107T000000Z-2khz.203
204	Spectrogram 1	1	2.8160000000000003	40.0	75.0	74.2	1.0	bdf	37017.982	37020.798	MARS-20151107T000000Z-2khz.204
205	Spectrogram 1	1	2.3040000000000003	40.0	75.0	71.5	0.7778	bdf	37022.333999	37024.638	MARS-20151107T000000Z-2khz.205
206	Spectrogram 1	1	2.048	40.0	75.0	72.4	0.875	bdf	37140.862	37142.91	MARS-20151107T000000Z-2khz.206
207	Spectrogram 1	1	3.584	40.0	75.0	71.6	0.9286	bdf	37143.421999	37147.006	MARS-20151107T000000Z-2khz.207
208	Spectrogram 1	1	3.3280000000000003	40.0	75.0	72.0	0.9231	bdf	37177.982	37181.31	MARS-20151107T000000Z-2khz.208
209	Spectrogram 1	1	5.6320000000000014	40.0	75.0	73.9	0.9091	bdf	37182.078	37187.71	MARS-20151107T000000Z-2khz.209
210	Spectrogram 1	1	3.3280000000000003	40.0	75.0	73.4	0.9231	bdf	37232.253999	37235.582	MARS-20151107T000000Z-2khz.210
211	Spectrogram 1	1	2.3040000000000003	40.0	75.0	70.5	0.7778	bdf	37289.341999	37291.646	MARS-20151107T000000Z-2khz.211
212	Spectrogram 1	1	5.376	40.0	75.0	77.4	0.9048	bdf	37930.622	37935.998	MARS-20151107T000000Z-2khz.212
213	Spectrogram 1	1	2.3040000000000003	40.0	75.0	70.9	0.8889	bdf	37937.278	37939.582	MARS-20151107T000000Z-2khz.213
214	Spectrogram 1	1	5.888	40.0	75.0	78.6	0.9565	bdf	37943.934	37949.822	MARS-20151107T000000Z-2khz.214
215	Spectrogram 1	1	3.84	40.0	75.0	74.5	0.8	bdf	38013.566	38017.406	MARS-20151107T000000Z-2khz.215
216	Spectrogram 1	1	2.56	40.0	75.0	73.0	1.0	bdf	38283.133999	38285.694	MARS-20151107T000000Z-2khz.216
217	Spectrogram 1	1	5.376	40.0	75.0	75.8	0.9524	bdf	38351.998	38357.374	MARS-20151107T000000Z-2khz.217
218	Spectrogram 1	1	3.072	40.0	75.0	77.1	1.0	bdf	38360.19	38363.261999	MARS-20151107T000000Z-2khz.218
219	Spectrogram 1	1	2.3040000000000003	40.0	75.0	76.8	0.8889	bdf	38407.55	38409.854	MARS-20151107T000000Z-2khz.219
220	Spectrogram 1	1	2.56	40.0	75.0	76.4	1.0	bdf	38414.718	38417.278	MARS-20151107T000000Z-2khz.220
221	Spectrogram 1	1	5.376	40.0	75.0	76.5	1.0	bdf	38461.566	38466.942	MARS-20151107T000000Z-2khz.221
222	Spectrogram 1	1	4.864	40.0	75.0	73.4	0.9474	bdf	38599.038	38603.902	MARS-20151107T000000Z-2khz.222
223	Spectrogram 1	1	2.3040000000000003	40.0	75.0	74.6	1.0	bdf	38690.43	38692.733999	MARS-20151107T000000Z-2khz.223
224	Spectrogram 1	1	3.84	40.0	75.0	74.5	0.9333	bdf	38703.486	38707.326	MARS-20151107T000000Z-2khz.224
225	Spectrogram 1	1	6.912000000000001	40.0	75.0	76.7	1.0	bdf	38869.374	38876.286	MARS-20151107T000000Z-2khz.225
226	Spectrogram 1	1	2.048	40.0	75.0	70.2	0.875	bdf	38883.71	38885.758	MARS-20151107T000000Z-2khz.226
227	Spectrogram 1	1	5.376	40.0	75.0	76.4	0.9048	bdf	38922.11	38927.486	MARS-20151107T000000Z-2khz.227
228	Spectrogram 1	1	4.864	40.0	75.0	75.1	1.0	bdf	38972.798	38977.662	MARS-20151107T000000Z-2khz.228
229	Spectrogram 1	1	2.56	40.0	75.0	72.3	1.0	bdf	38989.438	38991.998	MARS-20151107T000000Z-2khz.229
230	Spectrogram 1	1	5.12	40.0	75.0	75.7	0.9	bdf	39027.326	39032.446	MARS-20151107T000000Z-2khz.230
231	Spectrogram 1	1	5.12	40.0	75.0	75.3	0.9	bdf	39038.333999	39043.454	MARS-20151107T000000Z-2khz.231
232	Spectrogram 1	1	5.12	40.0	75.0	75.0	0.85	bdf	39289.214	39294.333999	MARS-20151107T000000Z-2khz.232
233	Spectrogram 1	1	6.4	40.0	75.0	72.8	0.84	bdf	39393.406	39399.806	MARS-20151107T000000Z-2khz.233
234	Spectrogram 1	1	2.3040000000000003	40.0	75.0	76.1	0.8889	bdf	39520.126	39522.43	MARS-20151107T000000Z-2khz.234
235	Spectrogram 1	1	2.56	40.0	75.0	74.4	0.9	bdf	39633.79	39636.35	MARS-20151107T000000Z-2khz.235
236	Spectrogram 1	1	3.584	40.0	75.0	73.9	0.9286	bdf	39654.782	39658.366	MARS-20151107T000000Z-2khz.236
237	Spectrogram 1	1	6.144	40.0	75.0	73.6	1.0	bdf	39707.774	39713.918	MARS-20151107T000000Z-2khz.237
238	Spectrogram 1	1	2.3040000000000003	40.0	75.0	75.4	1.0	bdf	39761.534	39763.838	MARS-20151107T000000Z-2khz.238
239	Spectrogram 1	1	2.048	40.0	75.0	69.1	0.75	bdf	39776.638	39778.686	MARS-20151107T000000Z-2khz.239
240	Spectrogram 1	1	5.6320000000000014	40.0	75.0	75.0	0.9545	bdf	39814.526	39820.158	MARS-20151107T000000Z-2khz.240
241	Spectrogram 1	1	2.048	40.0	75.0	75.3	1.0	bdf	39945.086	39947.133999	MARS-20151107T000000Z-2khz.241
242	Spectrogram 1	1	3.84	40.0	75.0	73.0	0.8667	bdf	40137.598	40141.438	MARS-20151107T000000Z-2khz.242
243	Spectrogram 1	1	5.12	40.0	75.0	73.7	1.0	bdf	40190.078	40195.198	MARS-20151107T000000Z-2khz.243
244	Spectrogram 1	1	2.3040000000000003	40.0	75.0	70.7	0.7778	bdf	40260.733999	40263.038	MARS-20151107T000000Z-2khz.244
245	Spectrogram 1	1	4.096	40.0	75.0	72.1	0.9375	bdf	40574.846	40578.942	MARS-20151107T000000Z-2khz.245
246	Spectrogram 1	1	2.8160000000000003	40.0	75.0	72.6	0.8182	bdf	40811.39	40814.206	MARS-20151107T000000Z-2khz.246
247	Spectrogram 1	1	3.584	40.0	75.0	72.1	0.9286	bdf	40820.35	40823.934	MARS-20151107T000000Z-2khz.247
248	Spectrogram 1	1	3.84	40.0	75.0	74.9	0.9333	bdf	41083.006	41086.846	MARS-20151107T000000Z-2khz.248
249	Spectrogram 1	1	3.3280000000000003	40.0	75.0	71.7	1.0	bdf	41099.646	41102.973999	MARS-20151107T000000Z-2khz.249
250	Spectrogram 1	1	2.56	40.0	75.0	72.7	0.9	bdf	41213.566	41216.126	MARS-20151107T000000Z-2khz.250
251	Spectrogram 1	1	2.56	40.0	75.0	76.6	1.0	bdf	41377.918	41380.478	MARS-20151107T000000Z-2khz.251
252	Spectrogram 1	1	2.3040000000000003	40.0	75.0	75.2	0.8889	bdf	41421.95	41424.253999	MARS-20151107T000000Z-2khz.252
253	Spectrogram 1	1	2.3040000000000003	40.0	75.0	76.7	1.0	bdf	41798.014	41800.318	MARS-20151107T000000Z-2khz.253
254	Spectrogram 1	1	2.8160000000000003	40.0	75.0	77.1	0.8182	bdf	41994.878	41997.694	MARS-20151107T000000Z-2khz.254
255	Spectrogram 1	1	2.3040000000000003	40.0	75.0	70.4	0.7778	bdf	42333.31	42335.613999	MARS-20151107T000000Z-2khz.255
256	Spectrogram 1	1	2.56	40.0	75.0	72.3	1.0	bdf	42361.982	42364.542	MARS-20151107T000000Z-2khz.256
257	Spectrogram 1	1	4.352	40.0	75.0	72.6	0.8235	bdf	42573.182	42577.534	MARS-20151107T000000Z-2khz.257
258	Spectrogram 1	1	4.352	40.0	75.0	72.5	0.8824	bdf	42666.11	42670.462	MARS-20151107T000000Z-2khz.258
259	Spectrogram 1	1	5.12	40.0	75.0	76.6	1.0	bdf	42783.358	42788.478	MARS-20151107T000000Z-2khz.259
260	Spectrogram 1	1	2.048	40.0	75.0	71.3	0.875	bdf	42801.022	42803.07	MARS-20151107T000000Z-2khz.260
261	Spectrogram 1	1	3.84	40.0	75.0	70.6	0.9333	bdf	42951.55	42955.39	MARS-20151107T000000Z-2khz.261
262	Spectrogram 1	1	2.8160000000000003	40.0	75.0	70.4	1.0	bdf	43004.542	43007.358	MARS-20151107T000000Z-2khz.262
263	Spectrogram 1	1	2.048	40.0	75.0	71.0	0.875	bdf	43007.87	43009.918	MARS-20151107T000000Z-2khz.263
264	Spectrogram 1	1	2.56	40.0	75.0	74.1	0.8	bdf	43061.886	43064.446	MARS-20151107T000000Z-2khz.264
265	Spectrogram 1	1	2.56	40.0	75.0	73.6	1.0	bdf	43167.102	43169.662	MARS-20151107T000000Z-2khz.265
266	Spectrogram 1	1	2.8160000000000003	40.0	75.0	73.4	0.9091	bdf	43178.878	43181.694	MARS-20151107T000000Z-2khz.266
267	Spectrogram 1	1	2.3040000000000003	40.0	75.0	71.1	0.8889	bdf	43262.334	43264.638	MARS-20151107T000000Z-2khz.267
268	Spectrogram 1	1	4.096	40.0	75.0	69.8	0.8125	bdf	43268.734	43272.83	MARS-20151107T000000Z-2khz.268
269	Spectrogram 1	1	4.096	40.0	75.0	73.0	0.9375	bdf	43277.182	43281.278	MARS-20151107T000000Z-2khz.269
270	Spectrogram 1	1	2.56	40.0	75.0	73.9	0.9	bdf	43298.174	43300.734	MARS-20151107T000000Z-2khz.270
271	Spectrogram 1	1	2.56	40.0	75.0	74.0	1.0	bdf	43309.694	43312.254	MARS-20151107T000000Z-2khz.271
272	Spectrogram 1	1	3.072	40.0	75.0	74.2	1.0	bdf	43419.262	43422.334	MARS-20151107T000000Z-2khz.272
273	Spectrogram 1	1	2.048	40.0	75.0	72.7	0.875	bdf	43468.414	43470.462	MARS-20151107T000000Z-2khz.273
274	Spectrogram 1	1	2.048	40.0	75.0	72.0	0.875	bdf	43475.07	43477.118	MARS-20151107T000000Z-2khz.274
275	Spectrogram 1	1	2.048	40.0	75.0	78.6	1.0	bdf	43608.958	43611.006	MARS-20151107T000000Z-2khz.275
276	Spectrogram 1	1	4.096	40.0	75.0	75.3	1.0	bdf	43625.342	43629.438	MARS-20151107T000000Z-2khz.276
277	Spectrogram 1	1	2.3040000000000003	40.0	75.0	70.5	0.7778	bdf	43682.174	43684.478	MARS-20151107T000000Z-2khz.277
278	Spectrogram 1	1	2.3040000000000003	40.0	75.0	76.1	0.8889	bdf	43716.734	43719.038	MARS-20151107T000000Z-2khz.278
279	Spectrogram 1	1	4.6080000000000005	40.0	75.0	73.9	0.8889	bdf	43721.598	43726.206	MARS-20151107T000000Z-2khz.279
280	Spectrogram 1	1	4.864	40.0	75.0	73.8	1.0	bdf	43731.582	43736.446	MARS-20151107T000000Z-2khz.280
281	Spectrogram 1	1	2.048	40.0	75.0	75.8	1.0	bdf	43764.35	43766.398	MARS-20151107T000000Z-2khz.281
282	Spectrogram 1	1	6.4	40.0	75.0	76.4	1.0	bdf	43766.91	43773.31	MARS-20151107T000000Z-2khz.282
283	Spectrogram 1	1	2.048	40.0	75.0	74.6	1.0	bdf	43913.598	43915.646	MARS-20151107T000000Z-2khz.283
284	Spectrogram 1	1	2.3040000000000003	40.0	75.0	70.8	0.8889	bdf	43916.158	43918.462	MARS-20151107T000000Z-2khz.284
285	Spectrogram 1	1	3.584	40.0	75.0	71.4	0.8571	bdf	43928.702	43932.286	MARS-20151107T000000Z-2khz.285
286	Spectrogram 1	1	5.12	40.0	75.0	72.6	0.75	bdf	43965.566	43970.686	MARS-20151107T000000Z-2khz.286
287	Spectrogram 1	1	2.048	40.0	75.0	72.1	0.75	bdf	43971.966	43974.014	MARS-20151107T000000Z-2khz.287
288	Spectrogram 1	1	7.423999999999999	40.0	75.0	76.8	1.0	bdf	44021.886	44029.31	MARS-20151107T000000Z-2khz.288
289	Spectrogram 1	1	6.912000000000001	40.0	75.0	74.3	0.963	bdf	44033.406	44040.318	MARS-20151107T000000Z-2khz.289
290	Spectrogram 1	1	4.6080000000000005	40.0	75.0	77.2	1.0	bdf	44086.142	44090.75	MARS-20151107T000000Z-2khz.290
291	Spectrogram 1	1	2.048	40.0	75.0	74.7	1.0	bdf	44226.43	44228.478	MARS-20151107T000000Z-2khz.291
292	Spectrogram 1	1	5.888	40.0	75.0	78.2	1.0	bdf	44230.27	44236.158	MARS-20151107T000000Z-2khz.292
293	Spectrogram 1	1	4.096	40.0	75.0	77.1	0.875	bdf	44416.126	44420.221999	MARS-20151107T000000Z-2khz.293
294	Spectrogram 1	1	3.3280000000000003	40.0	75.0	77.9	1.0	bdf	44424.318	44427.646	MARS-20151107T000000Z-2khz.294
295	Spectrogram 1	1	6.6560000000000015	40.0	75.0	78.9	0.9615	bdf	44430.206	44436.862	MARS-20151107T000000Z-2khz.295
296	Spectrogram 1	1	3.584	40.0	75.0	78.2	1.0	bdf	44522.366	44525.95	MARS-20151107T000000Z-2khz.296
297	Spectrogram 1	1	3.072	40.0	75.0	76.0	0.9167	bdf	44526.974	44530.046	MARS-20151107T000000Z-2khz.297
298	Spectrogram 1	1	2.56	40.0	75.0	77.2	0.9	bdf	44530.558	44533.118	MARS-20151107T000000Z-2khz.298
299	Spectrogram 1	1	2.048	40.0	75.0	74.2	1.0	bdf	44537.214	44539.262	MARS-20151107T000000Z-2khz.299
300	Spectrogram 1	1	4.096	40.0	75.0	76.7	1.0	bdf	44593.022	44597.118	MARS-20151107T000000Z-2khz.300
301	Spectrogram 1	1	3.584	40.0	75.0	73.6	0.9286	bdf	44652.158	44655.742	MARS-20151107T000000Z-2khz.301
302	Spectrogram 1	1	5.376	40.0	75.0	77.3	0.9524	bdf	44757.118	44762.494	MARS-20151107T000000Z-2khz.302
303	Spectrogram 1	1	5.376	40.0	75.0	80.5	1.0	bdf	44771.71	44777.086	MARS-20151107T000000Z-2khz.303
304	Spectrogram 1	1	4.096	40.0	75.0	72.3	0.8125	bdf	44878.206	44882.302	MARS-20151107T000000Z-2khz.304
305	Spectrogram 1	1	3.584	40.0	75.0	74.9	0.8571	bdf	44902.27	44905.854	MARS-20151107T000000Z-2khz.305
306	Spectrogram 1	1	5.888	40.0	75.0	81.5	0.9565	bdf	44916.606	44922.494	MARS-20151107T000000Z-2khz.306
307	Spectrogram 1	1	3.3280000000000003	40.0	75.0	77.8	0.9231	bdf	44932.221999	44935.55	MARS-20151107T000000Z-2khz.307
308	Spectrogram 1	1	2.3040000000000003	40.0	75.0	71.7	0.7778	bdf	44936.061999	44938.366	MARS-20151107T000000Z-2khz.308
309	Spectrogram 1	1	5.376	40.0	75.0	79.5	1.0	bdf	44968.83	44974.206	MARS-20151107T000000Z-2khz.309
310	Spectrogram 1	1	2.048	40.0	75.0	73.2	1.0	bdf	45029.502	45031.55	MARS-20151107T000000Z-2khz.310
311	Spectrogram 1	1	4.6080000000000005	40.0	75.0	77.0	0.9444	bdf	45102.206	45106.814	MARS-20151107T000000Z-2khz.311
312	Spectrogram 1	1	5.6320000000000014	40.0	75.0	77.5	1.0	bdf	45153.406	45159.038	MARS-20151107T000000Z-2khz.312
313	Spectrogram 1	1	2.3040000000000003	40.0	75.0	78.0	1.0	bdf	45236.862	45239.166	MARS-20151107T000000Z-2khz.313
314	Spectrogram 1	1	3.584	40.0	75.0	77.8	1.0	bdf	45242.75	45246.334	MARS-20151107T000000Z-2khz.314
315	Spectrogram 1	1	2.048	40.0	75.0	80.9	0.875	bdf	45288.574	45290.622	MARS-20151107T000000Z-2khz.315
316	Spectrogram 1	1	2.3040000000000003	40.0	75.0	75.6	1.0	bdf	45292.158	45294.462	MARS-20151107T000000Z-2khz.316
317	Spectrogram 1	1	3.84	40.0	75.0	81.0	1.0	bdf	45305.726	45309.566	MARS-20151107T000000Z-2khz.317
318	Spectrogram 1	1	4.864	40.0	75.0	80.7	0.9474	bdf	45340.286	45345.15	MARS-20151107T000000Z-2khz.318
319	Spectrogram 1	1	4.6080000000000005	40.0	75.0	75.8	0.9444	bdf	45345.918	45350.526	MARS-20151107T000000Z-2khz.319
320	Spectrogram 1	1	6.4	40.0	75.0	80.1	1.0	bdf	45354.366	45360.766	MARS-20151107T000000Z-2khz.320
321	Spectrogram 1	1	3.584	40.0	75.0	78.4	0.7857	bdf	45432.19	45435.773999	MARS-20151107T000000Z-2khz.321
322	Spectrogram 1	1	5.12	40.0	75.0	77.6	1.0	bdf	45484.414	45489.534	MARS-20151107T000000Z-2khz.322
323	Spectrogram 1	1	2.3040000000000003	40.0	75.0	73.5	0.7778	bdf	45500.798	45503.102	MARS-20151107T000000Z-2khz.323
324	Spectrogram 1	1	2.3040000000000003	40.0	75.0	72.2	1.0	bdf	45523.326	45525.63	MARS-20151107T000000Z-2khz.324
325	Spectrogram 1	1	3.584	40.0	75.0	72.2	0.7857	bdf	45551.23	45554.814	MARS-20151107T000000Z-2khz.325
326	Spectrogram 1	1	3.072	40.0	75.0	71.9	1.0	bdf	45644.414	45647.486	MARS-20151107T000000Z-2khz.326
327	Spectrogram 1	1	6.144	40.0	75.0	76.1	0.9583	bdf	45772.414	45778.558	MARS-20151107T000000Z-2khz.327
328	Spectrogram 1	1	4.864	40.0	75.0	73.8	0.8421	bdf	45819.262	45824.126	MARS-20151107T000000Z-2khz.328
329	Spectrogram 1	1	6.912000000000001	40.0	75.0	76.6	0.963	bdf	45827.198	45834.11	MARS-20151107T000000Z-2khz.329
330	Spectrogram 1	1	5.6320000000000014	40.0	75.0	79.3	0.9545	bdf	45880.446	45886.078	MARS-20151107T000000Z-2khz.330
331	Spectrogram 1	1	5.12	40.0	75.0	76.1	0.85	bdf	46002.814	46007.933999	MARS-20151107T000000Z-2khz.331
332	Spectrogram 1	1	2.3040000000000003	40.0	75.0	73.8	0.7778	bdf	46023.038	46025.342	MARS-20151107T000000Z-2khz.332
333	Spectrogram 1	1	5.376	40.0	75.0	75.3	0.9524	bdf	46056.574	46061.95	MARS-20151107T000000Z-2khz.333
334	Spectrogram 1	1	5.12	40.0	75.0	76.0	0.9	bdf	46108.286	46113.406	MARS-20151107T000000Z-2khz.334
335	Spectrogram 1	1	2.3040000000000003	40.0	75.0	73.8	1.0	bdf	46126.974	46129.278	MARS-20151107T000000Z-2khz.335
336	Spectrogram 1	1	2.3040000000000003	40.0	75.0	70.0	0.7778	bdf	46148.478	46150.782	MARS-20151107T000000Z-2khz.336
337	Spectrogram 1	1	2.56	40.0	75.0	74.5	1.0	bdf	46219.134	46221.694	MARS-20151107T000000Z-2khz.337
338	Spectrogram 1	1	2.8160000000000003	40.0	75.0	69.1	0.8182	bdf	46230.654	46233.47	MARS-20151107T000000Z-2khz.338
339	Spectrogram 1	1	3.072	40.0	75.0	73.6	0.8333	bdf	46318.462	46321.534	MARS-20151107T000000Z-2khz.339
340	Spectrogram 1	1	2.8160000000000003	40.0	75.0	72.4	0.9091	bdf	46322.046	46324.862	MARS-20151107T000000Z-2khz.340
341	Spectrogram 1	1	2.8160000000000003	40.0	75.0	73.3	1.0	bdf	46325.63	46328.446	MARS-20151107T000000Z-2khz.341
342	Spectrogram 1	1	3.072	40.0	75.0	74.4	1.0	bdf	46467.197999	46470.27	MARS-20151107T000000Z-2khz.342
343	Spectrogram 1	1	2.048	40.0	75.0	74.4	0.875	bdf	46637.95	46639.998	MARS-20151107T000000Z-2khz.343
344	Spectrogram 1	1	2.048	40.0	75.0	69.3	0.875	bdf	46651.517999	46653.566	MARS-20151107T000000Z-2khz.344
345	Spectrogram 1	1	2.3040000000000003	40.0	75.0	71.7	1.0	bdf	46759.806	46762.11	MARS-20151107T000000Z-2khz.345
346	Spectrogram 1	1	2.048	40.0	75.0	68.8	0.75	bdf	46799.742	46801.79	MARS-20151107T000000Z-2khz.346
347	Spectrogram 1	1	2.048	40.0	75.0	70.7	0.875	bdf	46876.286	46878.334	MARS-20151107T000000Z-2khz.347
348	Spectrogram 1	1	3.3280000000000003	40.0	75.0	73.6	0.9231	bdf	46900.862	46904.19	MARS-20151107T000000Z-2khz.348
349	Spectrogram 1	1	3.3280000000000003	40.0	75.0	74.6	1.0	bdf	46954.622	46957.95	MARS-20151107T000000Z-2khz.349
350	Spectrogram 1	1	2.048	40.0	75.0	70.4	1.0	bdf	47000.19	47002.237999	MARS-20151107T000000Z-2khz.350
351	Spectrogram 1	1	2.8160000000000003	40.0	75.0	71.8	0.9091	bdf	47011.71	47014.526	MARS-20151107T000000Z-2khz.351
352	Spectrogram 1	1	4.352	40.0	75.0	71.8	0.9412	bdf	47040.894	47045.246	MARS-20151107T000000Z-2khz.352
353	Spectrogram 1	1	2.048	40.0	75.0	75.6	1.0	bdf	47058.302	47060.35	MARS-20151107T000000Z-2khz.353
354	Spectrogram 1	1	2.3040000000000003	40.0	75.0	73.5	1.0	bdf	47102.846	47105.15	MARS-20151107T000000Z-2khz.354
355	Spectrogram 1	1	4.096	40.0	75.0	75.5	0.9375	bdf	47155.838	47159.933999	MARS-20151107T000000Z-2khz.355
356	Spectrogram 1	1	4.352	40.0	75.0	72.4	0.9412	bdf	47160.446	47164.798	MARS-20151107T000000Z-2khz.356
357	Spectrogram 1	1	3.072	40.0	75.0	73.4	0.75	bdf	47169.15	47172.222	MARS-20151107T000000Z-2khz.357
358	Spectrogram 1	1	2.048	40.0	75.0	73.5	0.75	bdf	47208.574	47210.622	MARS-20151107T000000Z-2khz.358
359	Spectrogram 1	1	3.072	40.0	75.0	70.6	0.9167	bdf	47300.734	47303.806	MARS-20151107T000000Z-2khz.359
360	Spectrogram 1	1	2.56	40.0	75.0	77.5	0.9	bdf	47324.542	47327.102	MARS-20151107T000000Z-2khz.360
361	Spectrogram 1	1	2.56	40.0	75.0	72.7	0.8	bdf	47374.206	47376.766	MARS-20151107T000000Z-2khz.361
362	Spectrogram 1	1	2.3040000000000003	40.0	75.0	72.9	0.7778	bdf	47428.222	47430.526	MARS-20151107T000000Z-2khz.362
363	Spectrogram 1	1	2.56	40.0	75.0	74.3	0.9	bdf	47451.262	47453.822	MARS-20151107T000000Z-2khz.363
364	Spectrogram 1	1	2.048	40.0	75.0	73.0	0.875	bdf	47491.197999	47493.246	MARS-20151107T000000Z-2khz.364
365	Spectrogram 1	1	2.048	40.0	75.0	73.6	0.875	bdf	47573.374	47575.422	MARS-20151107T000000Z-2khz.365
366	Spectrogram 1	1	3.84	40.0	75.0	72.5	0.9333	bdf	47585.15	47588.99	MARS-20151107T000000Z-2khz.366
367	Spectrogram 1	1	5.888	40.0	75.0	73.0	1.0	bdf	47638.654	47644.542	MARS-20151107T000000Z-2khz.367
368	Spectrogram 1	1	2.048	40.0	75.0	70.4	0.875	bdf	47713.15	47715.197999	MARS-20151107T000000Z-2khz.368
369	Spectrogram 1	1	2.048	40.0	75.0	71.8	0.75	bdf	47749.502	47751.55	MARS-20151107T000000Z-2khz.369
370	Spectrogram 1	1	2.3040000000000003	40.0	75.0	69.7	1.0	bdf	47764.093999	47766.397999	MARS-20151107T000000Z-2khz.370
371	Spectrogram 1	1	3.072	40.0	75.0	71.1	0.9167	bdf	47798.91	47801.982	MARS-20151107T000000Z-2khz.371
372	Spectrogram 1	1	2.56	40.0	75.0	72.6	1.0	bdf	47802.494	47805.054	MARS-20151107T000000Z-2khz.372
373	Spectrogram 1	1	3.072	40.0	75.0	72.9	0.9167	bdf	47947.134	47950.206	MARS-20151107T000000Z-2khz.373
374	Spectrogram 1	1	2.048	40.0	75.0	71.8	0.875	bdf	47960.19	47962.237999	MARS-20151107T000000Z-2khz.374
375	Spectrogram 1	1	6.6560000000000015	40.0	75.0	73.5	0.8462	bdf	47990.397999	47997.054	MARS-20151107T000000Z-2khz.375
376	Spectrogram 1	1	2.8160000000000003	40.0	75.0	73.2	1.0	bdf	48003.453999	48006.27	MARS-20151107T000000Z-2khz.376
377	Spectrogram 1	1	3.3280000000000003	40.0	75.0	71.8	0.9231	bdf	48101.246	48104.574	MARS-20151107T000000Z-2khz.377
378	Spectrogram 1	1	2.3040000000000003	40.0	75.0	68.3	0.7778	bdf	48107.902	48110.206	MARS-20151107T000000Z-2khz.378
379	Spectrogram 1	1	2.3040000000000003	40.0	75.0	71.6	0.8889	bdf	48216.19	48218.494	MARS-20151107T000000Z-2khz.379
380	Spectrogram 1	1	2.048	40.0	75.0	71.5	0.875	bdf	48793.982	48796.03	MARS-20151107T000000Z-2khz.380
381	Spectrogram 1	1	2.048	40.0	75.0	70.4	0.75	bdf	48804.99	48807.037999	MARS-20151107T000000Z-2khz.381
382	Spectrogram 1	1	3.84	40.0	75.0	70.4	1.0	bdf	48895.357999	48899.197999	MARS-20151107T000000Z-2khz.382
383	Spectrogram 1	1	2.048	40.0	75.0	68.9	0.75	bdf	49000.318	49002.366	MARS-20151107T000000Z-2khz.383
384	Spectrogram 1	1	3.584	40.0	75.0	71.4	0.9286	bdf	49092.99	49096.574	MARS-20151107T000000Z-2khz.384
385	Spectrogram 1	1	2.3040000000000003	40.0	75.0	70.8	0.8889	bdf	49197.438	49199.742	MARS-20151107T000000Z-2khz.385
386	Spectrogram 1	1	2.3040000000000003	40.0	75.0	72.9	0.8889	bdf	49208.958	49211.262	MARS-20151107T000000Z-2khz.386
387	Spectrogram 1	1	3.84	40.0	75.0	72.6	1.0	bdf	49255.293999	49259.134	MARS-20151107T000000Z-2khz.387
388	Spectrogram 1	1	2.56	40.0	75.0	70.5	0.9	bdf	49264.254	49266.814	MARS-20151107T000000Z-2khz.388
389	Spectrogram 1	1	2.048	40.0	75.0	73.1	0.75	bdf	49372.542	49374.59	MARS-20151107T000000Z-2khz.389
390	Spectrogram 1	1	2.048	40.0	75.0	72.8	0.875	bdf	49383.55	49385.598	MARS-20151107T000000Z-2khz.390
391	Spectrogram 1	1	3.072	40.0	75.0	70.2	0.8333	bdf	49424.766	49427.838	MARS-20151107T000000Z-2khz.391
392	Spectrogram 1	1	4.096	40.0	75.0	73.0	0.8125	bdf	49514.877999	49518.974	MARS-20151107T000000Z-2khz.392
393	Spectrogram 1	1	2.3040000000000003	40.0	75.0	72.0	0.8889	bdf	49672.062	49674.366	MARS-20151107T000000Z-2khz.393
394	Spectrogram 1	1	3.072	40.0	75.0	72.8	1.0	bdf	49727.357999	49730.43	MARS-20151107T000000Z-2khz.394
395	Spectrogram 1	1	2.8160000000000003	40.0	75.0	73.4	0.9091	bdf	49852.542	49855.357999	MARS-20151107T000000Z-2khz.395
396	Spectrogram 1	1	2.8160000000000003	40.0	75.0	74.7	1.0	bdf	49857.917999	49860.734	MARS-20151107T000000Z-2khz.396
397	Spectrogram 1	1	3.584	40.0	75.0	71.8	0.9286	bdf	49867.39	49870.974	MARS-20151107T000000Z-2khz.397
398	Spectrogram 1	1	2.3040000000000003	40.0	75.0	70.1	0.8889	bdf	50096.766	50099.07	MARS-20151107T000000Z-2khz.398
399	Spectrogram 1	1	2.8160000000000003	40.0	75.0	72.1	0.8182	bdf	50241.406	50244.222	MARS-20151107T000000Z-2khz.399
400	Spectrogram 1	1	3.84	40.0	75.0	72.6	0.8667	bdf	50350.717999	50354.557999	MARS-20151107T000000Z-2khz.400
401	Spectrogram 1	1	2.048	40.0	75.0	72.9	0.875	bdf	50522.494	50524.542	MARS-20151107T000000Z-2khz.401
402	Spectrogram 1	1	2.048	40.0	75.0	73.5	0.875	bdf	50527.613999	50529.662	MARS-20151107T000000Z-2khz.402
403	Spectrogram 1	1	2.3040000000000003	40.0	75.0	72.5	1.0	bdf	51117.694	51119.998	MARS-20151107T000000Z-2khz.403
404	Spectrogram 1	1	3.3280000000000003	40.0	75.0	73.9	0.9231	bdf	51315.582	51318.91	MARS-20151107T000000Z-2khz.404
405	Spectrogram 1	1	2.048	40.0	75.0	70.2	0.75	bdf	51407.486	51409.534	MARS-20151107T000000Z-2khz.405
406	Spectrogram 1	1	2.8160000000000003	40.0	75.0	72.6	0.8182	bdf	51620.734	51623.55	MARS-20151107T000000Z-2khz.406
407	Spectrogram 1	1	2.8160000000000003	40.0	75.0	73.9	0.9091	bdf	51659.646	51662.462	MARS-20151107T000000Z-2khz.407
408	Spectrogram 1	1	2.8160000000000003	40.0	75.0	72.8	0.9091	bdf	51756.67	51759.486	MARS-20151107T000000Z-2khz.408
409	Spectrogram 1	1	5.376	40.0	75.0	75.2	0.9048	bdf	51767.166	51772.542	MARS-20151107T000000Z-2khz.409
410	Spectrogram 1	1	2.56	40.0	75.0	69.7	0.8	bdf	51781.502	51784.062	MARS-20151107T000000Z-2khz.410
411	Spectrogram 1	1	2.048	40.0	75.0	72.8	0.875	bdf	51897.214	51899.262	MARS-20151107T000000Z-2khz.411
412	Spectrogram 1	1	3.072	40.0	75.0	71.3	0.75	bdf	51942.27	51945.342	MARS-20151107T000000Z-2khz.412
413	Spectrogram 1	1	2.3040000000000003	40.0	75.0	75.2	1.0	bdf	52010.877999	52013.182	MARS-20151107T000000Z-2khz.413
414	Spectrogram 1	1	4.352	40.0	75.0	72.3	0.8824	bdf	52022.397999	52026.75	MARS-20151107T000000Z-2khz.414
415	Spectrogram 1	1	2.8160000000000003	40.0	75.0	69.7	0.8182	bdf	52078.462	52081.278	MARS-20151107T000000Z-2khz.415
416	Spectrogram 1	1	2.8160000000000003	40.0	75.0	69.9	0.8182	bdf	52351.613999	52354.43	MARS-20151107T000000Z-2khz.416
417	Spectrogram 1	1	2.8160000000000003	40.0	75.0	72.4	1.0	bdf	52496.766	52499.582	MARS-20151107T000000Z-2khz.417
418	Spectrogram 1	1	2.8160000000000003	40.0	75.0	76.3	0.8182		52725.886	52728.702	MARS-20151107T000000Z-2khz.418
419	Spectrogram 1	1	6.912000000000001	40.0	75.0	78.3	0.8519	bdf	52830.077999	52836.99	MARS-20151107T000000Z-2khz.419
420	Spectrogram 1	1	2.048	40.0	75.0	75.0	0.875	bdf	53144.19	53146.237999	MARS-20151107T000000Z-2khz.420
421	Spectrogram 1	1	3.84	40.0	75.0	73.6	0.8667	bdf	53175.422	53179.262	MARS-20151107T000000Z-2khz.421
422	Spectrogram 1	1	2.3040000000000003	40.0	75.0	73.3	0.8889	bdf	53226.877999	53229.182	MARS-20151107T000000Z-2khz.422
423	Spectrogram 1	1	3.072	40.0	75.0	76.7	0.9167	bdf	53272.702	53275.773999	MARS-20151107T000000Z-2khz.423
424	Spectrogram 1	1	2.048	40.0	75.0	73.7	0.875	bdf	53367.422	53369.47	MARS-20151107T000000Z-2khz.424
425	Spectrogram 1	1	2.048	40.0	75.0	74.2	0.875	bdf	53431.933999	53433.982	MARS-20151107T000000Z-2khz.425
426	Spectrogram 1	1	2.048	40.0	75.0	72.8	1.0	bdf	53470.077999	53472.126	MARS-20151107T000000Z-2khz.426
427	Spectrogram 1	1	2.3040000000000003	40.0	75.0	68.8	0.8889	bdf	53512.318	53514.622	MARS-20151107T000000Z-2khz.427
428	Spectrogram 1	1	2.3040000000000003	40.0	75.0	72.9	0.7778	bdf	53518.974	53521.278	MARS-20151107T000000Z-2khz.428
429	Spectrogram 1	1	3.584	40.0	75.0	70.8	0.7857	bdf	53633.406	53636.99	MARS-20151107T000000Z-2khz.429
430	Spectrogram 1	1	2.048	40.0	75.0	74.2	1.0	bdf	53811.838	53813.886	MARS-20151107T000000Z-2khz.430
431	Spectrogram 1	1	2.8160000000000003	40.0	75.0	75.6	1.0	bdf	54129.278	54132.093999	MARS-20151107T000000Z-2khz.431
432	Spectrogram 1	1	3.584	40.0	75.0	72.8	0.7857	bdf	54134.654	54138.237999	MARS-20151107T000000Z-2khz.432
433	Spectrogram 1	1	2.3040000000000003	40.0	75.0	70.7	0.8889	bdf	54251.39	54253.694	MARS-20151107T000000Z-2khz.433
434	Spectrogram 1	1	3.072	40.0	75.0	74.6	1.0	bdf	54711.933999	54715.006	MARS-20151107T000000Z-2khz.434
435	Spectrogram 1	1	2.048	40.0	75.0	73.1	1.0	bdf	54939.006	54941.054	MARS-20151107T000000Z-2khz.435
436	Spectrogram 1	1	3.584	40.0	75.0	74.8	0.9286	bdf	55030.142	55033.726	MARS-20151107T000000Z-2khz.436
437	Spectrogram 1	1	2.3040000000000003	40.0	75.0	72.4	0.8889	bdf	55049.854	55052.158	MARS-20151107T000000Z-2khz.437
438	Spectrogram 1	1	3.584	40.0	75.0	80.2	0.8571	bdf	55253.63	55257.214	MARS-20151107T000000Z-2khz.438
439	Spectrogram 1	1	2.8160000000000003	40.0	75.0	77.9	1.0	bdf	55286.654	55289.47	MARS-20151107T000000Z-2khz.439
440	Spectrogram 1	1	2.56	40.0	75.0	77.7	1.0	bdf	55316.093999	55318.654	MARS-20151107T000000Z-2khz.440
441	Spectrogram 1	1	2.3040000000000003	40.0	75.0	80.3	0.8889	bdf	55346.557999	55348.862	MARS-20151107T000000Z-2khz.441
442	Spectrogram 1	1	2.56	40.0	75.0	80.0	0.9	bdf	55365.502	55368.062	MARS-20151107T000000Z-2khz.442
443	Spectrogram 1	1	4.864	40.0	75.0	80.3	0.8947	bdf	55517.054	55521.917999	MARS-20151107T000000Z-2khz.443
444	Spectrogram 1	1	2.048	40.0	75.0	74.5	0.875	bdf	55603.582	55605.63	MARS-20151107T000000Z-2khz.444
445	Spectrogram 1	1	4.352	40.0	75.0	73.5	0.9412	bdf	56045.182	56049.534	MARS-20151107T000000Z-2khz.445
446	Spectrogram 1	1	3.072	40.0	75.0	75.7	0.8333	bdf	56050.302	56053.374	MARS-20151107T000000Z-2khz.446
447	Spectrogram 1	1	3.072	40.0	75.0	73.0	0.9167	bdf	56070.782	56073.854	MARS-20151107T000000Z-2khz.447
448	Spectrogram 1	1	2.3040000000000003	40.0	75.0	76.4	1.0	bdf	56147.582	56149.886	MARS-20151107T000000Z-2khz.448
449	Spectrogram 1	1	3.3280000000000003	40.0	75.0	78.0	1.0	bdf	56200.83	56204.158	MARS-20151107T000000Z-2khz.449
450	Spectrogram 1	1	2.8160000000000003	40.0	75.0	74.1	1.0	bdf	56216.702	56219.517999	MARS-20151107T000000Z-2khz.450
451	Spectrogram 1	1	2.3040000000000003	40.0	75.0	76.2	0.8889	bdf	56375.678	56377.982	MARS-20151107T000000Z-2khz.451
452	Spectrogram 1	1	6.912000000000001	40.0	75.0	77.1	1.0	bdf	56378.494	56385.406	MARS-20151107T000000Z-2khz.452
453	Spectrogram 1	1	6.144	40.0	75.0	79.1	1.0	bdf	56491.646	56497.79	MARS-20151107T000000Z-2khz.453
454	Spectrogram 1	1	2.8160000000000003	40.0	75.0	80.6	1.0	bdf	56613.246	56616.062	MARS-20151107T000000Z-2khz.454
455	Spectrogram 1	1	4.6080000000000005	40.0	75.0	79.2	1.0	bdf	56655.486	56660.093999	MARS-20151107T000000Z-2khz.455
456	Spectrogram 1	1	6.4	40.0	75.0	78.0	0.96	bdf	56706.43	56712.83	MARS-20151107T000000Z-2khz.456
457	Spectrogram 1	1	2.048	40.0	75.0	75.2	1.0	bdf	56769.662	56771.71	MARS-20151107T000000Z-2khz.457
458	Spectrogram 1	1	2.56	40.0	75.0	77.0	0.8	bdf	56961.406	56963.966	MARS-20151107T000000Z-2khz.458
459	Spectrogram 1	1	4.864	40.0	75.0	77.2	0.8421	bdf	57265.022	57269.886	MARS-20151107T000000Z-2khz.459
460	Spectrogram 1	1	3.3280000000000003	40.0	75.0	77.1	1.0	bdf	57319.037999	57322.366	MARS-20151107T000000Z-2khz.460
461	Spectrogram 1	1	2.56	40.0	75.0	74.8	0.9	bdf	57563.517999	57566.077999	MARS-20151107T000000Z-2khz.461
462	Spectrogram 1	1	5.12	40.0	75.0	76.6	0.9	bdf	57706.877999	57711.998	MARS-20151107T000000Z-2khz.462
463	Spectrogram 1	1	2.3040000000000003	40.0	75.0	75.2	0.8889	bdf	57744.51	57746.814	MARS-20151107T000000Z-2khz.463
464	Spectrogram 1	1	3.3280000000000003	40.0	75.0	73.4	1.0	bdf	57991.294	57994.622	MARS-20151107T000000Z-2khz.464
465	Spectrogram 1	1	2.3040000000000003	40.0	75.0	73.2	0.8889	bdf	58048.126	58050.43	MARS-20151107T000000Z-2khz.465
466	Spectrogram 1	1	2.56	40.0	75.0	72.4	0.8	bdf	58260.093999	58262.654	MARS-20151107T000000Z-2khz.466
467	Spectrogram 1	1	2.3040000000000003	40.0	75.0	73.0	1.0	bdf	58312.062	58314.366	MARS-20151107T000000Z-2khz.467
468	Spectrogram 1	1	3.584	40.0	75.0	73.1	0.8571	bdf	58532.477999	58536.062	MARS-20151107T000000Z-2khz.468
469	Spectrogram 1	1	2.048	40.0	75.0	71.6	0.875	bdf	58826.366	58828.413999	MARS-20151107T000000Z-2khz.469
470	Spectrogram 1	1	2.048	40.0	75.0	72.5	0.75	bdf	58938.494	58940.542	MARS-20151107T000000Z-2khz.470
471	Spectrogram 1	1	2.048	40.0	75.0	73.8	0.875	bdf	59293.309999	59295.358	MARS-20151107T000000Z-2khz.471
472	Spectrogram 1	1	2.3040000000000003	40.0	75.0	76.8	0.8889	bdf	59394.942	59397.246	MARS-20151107T000000Z-2khz.472
473	Spectrogram 1	1	3.072	40.0	75.0	77.8	1.0	bdf	60116.606	60119.678	MARS-20151107T000000Z-2khz.473
474	Spectrogram 1	1	2.8160000000000003	40.0	75.0	70.2	0.8182	bdf	60713.598	60716.414	MARS-20151107T000000Z-2khz.474
475	Spectrogram 1	1	2.56	40.0	75.0	73.2	0.9	bdf	60801.406	60803.966	MARS-20151107T000000Z-2khz.475
476	Spectrogram 1	1	2.3040000000000003	40.0	75.0	72.5	0.7778	bdf	60927.87	60930.174	MARS-20151107T000000Z-2khz.476
477	Spectrogram 1	1	2.56	40.0	75.0	73.6	0.8	bdf	61125.502	61128.062	MARS-20151107T000000Z-2khz.477
478	Spectrogram 1	1	2.8160000000000003	40.0	75.0	75.1	0.9091	bdf	61514.878	61517.693999	MARS-20151107T000000Z-2khz.478
479	Spectrogram 1	1	2.8160000000000003	40.0	75.0	73.1	1.0	bdf	62704.766	62707.582	MARS-20151107T000000Z-2khz.479
480	Spectrogram 1	1	4.096	40.0	75.0	77.1	1.0	bdf	63116.414	63120.51	MARS-20151107T000000Z-2khz.480
481	Spectrogram 1	1	2.048	40.0	75.0	77.0	1.0	bdf	63307.134	63309.182	MARS-20151107T000000Z-2khz.481
482	Spectrogram 1	1	3.84	40.0	75.0	74.7	0.9333	bdf	63346.302	63350.142	MARS-20151107T000000Z-2khz.482
483	Spectrogram 1	1	2.048	40.0	75.0	73.5	0.875	bdf	63538.558	63540.606	MARS-20151107T000000Z-2khz.483
484	Spectrogram 1	1	2.048	40.0	75.0	72.5	0.875	bdf	63555.454	63557.502	MARS-20151107T000000Z-2khz.484
485	Spectrogram 1	1	2.8160000000000003	40.0	75.0	71.8	0.8182	bdf	63615.358	63618.174	MARS-20151107T000000Z-2khz.485
486	Spectrogram 1	1	2.048	40.0	75.0	72.6	1.0	bdf	64170.11	64172.157999	MARS-20151107T000000Z-2khz.486
487	Spectrogram 1	1	3.3280000000000003	40.0	75.0	72.6	1.0	bdf	64799.87	64803.198	MARS-20151107T000000Z-2khz.487
488	Spectrogram 1	1	2.048	40.0	75.0	73.4	0.875	bdf	64849.022	64851.07	MARS-20151107T000000Z-2khz.488
489	Spectrogram 1	1	2.3040000000000003	40.0	75.0	74.0	1.0		64944.254	64946.558	MARS-20151107T000000Z-2khz.489
490	Spectrogram 1	1	4.096	40.0	75.0	75.0	0.9375	bdf	65023.87	65027.966	MARS-20151107T000000Z-2khz.490
491	Spectrogram 1	1	4.096	40.0	75.0	74.2	0.9375	bdf	65075.582	65079.678	MARS-20151107T000000Z-2khz.491
492	Spectrogram 1	1	2.048	40.0	75.0	70.7	0.75	bdf	65170.302	65172.35	MARS-20151107T000000Z-2khz.492
493	Spectrogram 1	1	3.584	40.0	75.0	74.5	0.7857	bdf	65379.71	65383.294	MARS-20151107T000000Z-2khz.493
494	Spectrogram 1	1	2.048	40.0	75.0	72.0	0.875	bdf	65501.31	65503.358	MARS-20151107T000000Z-2khz.494
495	Spectrogram 1	1	3.84	40.0	75.0	74.2	0.9333	bdf	65758.078	65761.918	MARS-20151107T000000Z-2khz.495
496	Spectrogram 1	1	2.8160000000000003	40.0	75.0	76.8	0.9091	bdf	65811.326	65814.142	MARS-20151107T000000Z-2khz.496
497	Spectrogram 1	1	3.584	40.0	75.0	75.1	0.7857	bdf	65865.086	65868.67	MARS-20151107T000000Z-2khz.497
498	Spectrogram 1	1	2.56	40.0	75.0	80.1	0.9	bdf	65886.078	65888.638	MARS-20151107T000000Z-2khz.498
499	Spectrogram 1	1	4.352	40.0	75.0	74.4	0.8824	bdf	66111.87	66116.222	MARS-20151107T000000Z-2khz.499
500	Spectrogram 1	1	2.048	40.0	75.0	70.2	1.0	bdf	66177.918	66179.966	MARS-20151107T000000Z-2khz.500
501	Spectrogram 1	1	3.3280000000000003	40.0	75.0	74.8	0.8462	bdf	66302.078	66305.406	MARS-20151107T000000Z-2khz.501
502	Spectrogram 1	1	2.048	40.0	75.0	73.2	1.0	bdf	66551.678	66553.726	MARS-20151107T000000Z-2khz.502
503	Spectrogram 1	1	2.56	40.0	75.0	70.5	1.0	bdf	66890.878	66893.437999	MARS-20151107T000000Z-2khz.503
504	Spectrogram 1	1	2.56	40.0	75.0	73.0	0.8	bdf	66902.91	66905.47	MARS-20151107T000000Z-2khz.504
505	Spectrogram 1	1	2.3040000000000003	40.0	75.0	73.1	0.8889	bdf	67011.71	67014.013999	MARS-20151107T000000Z-2khz.505
506	Spectrogram 1	1	3.072	40.0	75.0	78.4	0.75	bdf	67642.238	67645.31	MARS-20151107T000000Z-2khz.506
507	Spectrogram 1	1	2.048	40.0	75.0	72.5	0.75	bdf	67664.51	67666.558	MARS-20151107T000000Z-2khz.507
508	Spectrogram 1	1	2.048	40.0	75.0	78.9	1.0	bdf	67808.382	67810.43	MARS-20151107T000000Z-2khz.508
509	Spectrogram 1	1	2.048	40.0	75.0	74.9	0.875	bdf	67825.022	67827.07	MARS-20151107T000000Z-2khz.509
510	Spectrogram 1	1	2.3040000000000003	40.0	75.0	78.7	0.7778	bdf	67883.645999	67885.95	MARS-20151107T000000Z-2khz.510
511	Spectrogram 1	1	2.048	40.0	75.0	75.6	0.75	bdf	67888.254	67890.302	MARS-20151107T000000Z-2khz.511
512	Spectrogram 1	1	2.56	40.0	75.0	74.2	0.8	bdf	67901.822	67904.382	MARS-20151107T000000Z-2khz.512
513	Spectrogram 1	1	2.048	40.0	75.0	76.3	0.875	bdf	68051.582	68053.63	MARS-20151107T000000Z-2khz.513
514	Spectrogram 1	1	3.072	40.0	75.0	75.5	0.8333	bdf	68072.83	68075.902	MARS-20151107T000000Z-2khz.514
515	Spectrogram 1	1	2.048	40.0	75.0	72.3	0.875	bdf	68208.51	68210.558	MARS-20151107T000000Z-2khz.515
516	Spectrogram 1	1	3.072	40.0	75.0	71.1	0.75	bdf	68460.157999	68463.23	MARS-20151107T000000Z-2khz.516
517	Spectrogram 1	1	3.072	40.0	75.0	68.6	0.9167	bdf	69006.974	69010.045999	MARS-20151107T000000Z-2khz.517
518	Spectrogram 1	1	2.048	40.0	75.0	71.7	0.75	bdf	69013.886	69015.934	MARS-20151107T000000Z-2khz.518
519	Spectrogram 1	1	5.12	40.0	75.0	72.8	0.95	bdf	69039.998	69045.117999	MARS-20151107T000000Z-2khz.519
520	Spectrogram 1	1	3.072	40.0	75.0	71.1	0.8333	bdf	69688.446	69691.518	MARS-20151107T000000Z-2khz.520
521	Spectrogram 1	1	2.56	40.0	75.0	75.6	1.0	bdf	71204.477999	71207.038	MARS-20151107T000000Z-2khz.521
522	Spectrogram 1	1	3.3280000000000003	40.0	75.0	77.9	0.7692	bdf	73244.797999	73248.126	MARS-20151107T000000Z-2khz.522
523	Spectrogram 1	1	3.3280000000000003	40.0	75.0	76.0	0.8462	bdf	73603.454	73606.782	MARS-20151107T000000Z-2khz.523
524	Spectrogram 1	1	2.56	40.0	75.0	78.2	1.0		73661.566	73664.126	MARS-20151107T000000Z-2khz.524
525	Spectrogram 1	1	2.048	40.0	75.0	75.0	1.0	bdf	73740.67	73742.718	MARS-20151107T000000Z-2khz.525
526	Spectrogram 1	1	2.048	40.0	75.0	72.5	0.75	bdf	73867.645999	73869.694	MARS-20151107T000000Z-2khz.526
527	Spectrogram 1	1	2.3040000000000003	40.0	75.0	71.0	0.7778	bdf	74001.278	74003.582	MARS-20151107T000000Z-2khz.527
528	Spectrogram 1	1	2.3040000000000003	40.0	75.0	76.0	1.0	bdf	74220.67	74222.974	MARS-20151107T000000Z-2khz.528
529	Spectrogram 1	1	2.3040000000000003	40.0	75.0	71.9	0.7778	bdf	74423.934	74426.238	MARS-20151107T000000Z-2khz.529
530	Spectrogram 1	1	2.56	40.0	75.0	74.2	0.8	bdf	75254.398	75256.958	MARS-20151107T000000Z-2khz.530
531	Spectrogram 1	1	2.3040000000000003	40.0	75.0	75.2	0.8889	bdf	75398.27	75400.574	MARS-20151107T000000Z-2khz.531
532	Spectrogram 1	1	2.048	40.0	75.0	74.6	1.0	bdf	75401.085999	75403.134	MARS-20151107T000000Z-2khz.532
533	Spectrogram 1	1	4.864	40.0	75.0	74.8	0.8421	bdf	75518.078	75522.942	MARS-20151107T000000Z-2khz.533
534	Spectrogram 1	1	4.6080000000000005	40.0	75.0	72.9	0.8889	bdf	75798.654	75803.262	MARS-20151107T000000Z-2khz.534
535	Spectrogram 1	1	2.8160000000000003	40.0	75.0	74.1	0.9091	bdf	75861.886	75864.702	MARS-20151107T000000Z-2khz.535
536	Spectrogram 1	1	2.048	40.0	75.0	74.8	0.875	bdf	76720.765999	76722.814	MARS-20151107T000000Z-2khz.536
537	Spectrogram 1	1	2.56	40.0	75.0	73.8	0.8	bdf	77632.126	77634.685999	MARS-20151107T000000Z-2khz.537
538	Spectrogram 1	1	3.3280000000000003	40.0	75.0	72.6	0.8462	bdf	78990.974	78994.302	MARS-20151107T000000Z-2khz.538
539	Spectrogram 1	1	2.8160000000000003	40.0	75.0	75.0	0.8182	bdf	79100.542	79103.358	MARS-20151107T000000Z-2khz.539
540	Spectrogram 1	1	2.3040000000000003	40.0	75.0	72.6	0.8889	bdf	81668.734	81671.038	MARS-20151107T000000Z-2khz.540
541	Spectrogram 1	1	2.3040000000000003	40.0	75.0	70.8	0.7778	bdf	82437.246	82439.55	MARS-20151107T000000Z-2khz.541
542	Spectrogram 1	1	4.096	40.0	75.0	73.3	0.875	bdf	82501.246	82505.342	MARS-20151107T000000Z-2khz.542
543	Spectrogram 1	1	2.3040000000000003	40.0	75.0	72.3	0.8889	bdf	82925.437999	82927.742	MARS-20151107T000000Z-2khz.543
544	Spectrogram 1	1	2.3040000000000003	40.0	75.0	71.9	0.8889	bdf	84157.31	84159.614	MARS-20151107T000000Z-2khz.544
545	Spectrogram 1	1	2.56	40.0	75.0	72.4	0.8	bdf	84363.39	84365.95	MARS-20151107T000000Z-2khz.545
546	Spectrogram 1	1	2.8160000000000003	40.0	75.0	77.8	0.8182	bdf	85462.142	85464.958	MARS-20151107T000000Z-2khz.546
547	Spectrogram 1	1	2.048	40.0	75.0	81.0	1.0	bdf	85580.67	85582.718	MARS-20151107T000000Z-2khz.547
548	Spectrogram 1	1	2.048	40.0	75.0	77.9	1.0	bdf	85596.542	85598.59	MARS-20151107T000000Z-2khz.548
549	Spectrogram 1	1	2.8160000000000003	40.0	75.0	76.0	0.9091	bdf	85614.206	85617.022	MARS-20151107T000000Z-2khz.549
550	Spectrogram 1	1	2.3040000000000003	40.0	75.0	81.4	1.0	bdf	85653.374	85655.678	MARS-20151107T000000Z-2khz.550
551	Spectrogram 1	1	4.096	40.0	75.0	82.9	0.75	bdf	85788.03	85792.126	MARS-20151107T000000Z-2khz.551
552	Spectrogram 1	1	2.048	40.0	75.0	78.1	0.75	bdf	85917.566	85919.614	MARS-20151107T000000Z-2khz.552
553	Spectrogram 1	1	2.8160000000000003	40.0	75.0	81.4	1.0	bdf	85940.094	85942.91	MARS-20151107T000000Z-2khz.553
554	Spectrogram 1	1	2.56	40.0	75.0	83.6	1.0	bdf	86034.558	86037.117999	MARS-20151107T000000Z-2khz.554
555	Spectrogram 1	1	2.048	40.0	75.0	76.2	0.875	bdf	86148.734	86150.782	MARS-20151107T000000Z-2khz.555
556	Spectrogram 1	1	2.8160000000000003	40.0	75.0	80.6	0.8182	bdf	86328.702	86331.518	MARS-20151107T000000Z-2khz.556
